  1.0000000e+000 -2.9300154e+000 -9.0066307e+000
  1.0000000e+000 -9.3344730e+000  1.1378158e+001
  1.0000000e+000 -3.3630526e+000  4.5053641e+000
  1.0000000e+000 -7.2886558e+000  1.0369202e+001
  1.0000000e+000 -9.7188179e+000 -1.2041792e+001
  1.0000000e+000 -1.6836986e+000  9.3890883e-001
  1.0000000e+000 -1.0887247e+001 -9.6655766e+000
  1.0000000e+000 -1.8992897e-001  5.0390410e+000
  1.0000000e+000 -2.0226891e+001 -1.4015633e+001
  1.0000000e+000 -4.1280522e+000  4.9292225e+000
  1.0000000e+000 -1.7431735e+001  1.2577841e+001
  1.0000000e+000  1.1759348e+000 -1.8044753e+000
  1.0000000e+000 -9.4676713e+000 -1.1839905e+001
  1.0000000e+000 -3.0957108e+000 -6.6010501e+000
  1.0000000e+000 -6.6197443e+000  1.0889330e+001
  1.0000000e+000 -1.5888279e+001 -1.3923902e+001
  1.0000000e+000 -1.1916684e+001 -1.2689768e+001
  1.0000000e+000 -3.5437491e+000  5.7613931e+000
  1.0000000e+000 -2.2939021e+000 -2.8593434e+000
  1.0000000e+000 -2.7171830e+000 -4.5917699e+000
  1.0000000e+000 -5.7287237e+000  1.1176808e+001
  1.0000000e+000  1.2682028e+000 -6.1319340e+000
  1.0000000e+000 -1.0659977e+001 -8.0336617e+000
  1.0000000e+000  5.1411299e-001  9.1629830e-001
  1.0000000e+000  1.4847633e+000 -6.4260256e-001
  1.0000000e+000 -4.6918882e+000 -6.9623172e+000
  1.0000000e+000 -3.0547018e+000  8.8589651e+000
  1.0000000e+000 -1.3807147e+001 -1.0539711e+001
  1.0000000e+000 -1.3481841e+001 -1.2109620e+001
  1.0000000e+000 -2.9003660e+000 -1.8634461e+000
  1.0000000e+000 -1.7325953e+001  1.2998511e+001
  1.0000000e+000 -1.2417926e+000 -3.0430867e+000
  1.0000000e+000 -1.0429970e+001  1.0305462e+001
  1.0000000e+000 -2.0144676e+000 -8.8985535e-002
  1.0000000e+000 -5.7730544e+000 -8.2101114e+000
  1.0000000e+000 -8.1338379e+000  7.9194919e+000
  1.0000000e+000 -1.1860347e+001 -8.4229029e+000
  1.0000000e+000 -8.1588975e+000 -1.0432283e+001
  1.0000000e+000 -1.9241072e+000 -6.3834475e+000
  1.0000000e+000 -1.6764615e+001 -1.2135479e+001
  1.0000000e+000 -1.4220645e+001 -1.3144064e+001
  1.0000000e+000 -1.3144340e+001 -1.3183382e+001
  1.0000000e+000 -1.7840927e+001  9.3376549e+000
  1.0000000e+000 -1.9087862e+001 -1.1435785e+001
  1.0000000e+000 -4.5713377e-001 -1.5939729e+000
  1.0000000e+000 -3.0762816e+000  5.1155591e+000
  1.0000000e+000  5.6626027e-001  2.8225217e+000
  1.0000000e+000 -7.6231325e+000 -8.9367643e+000
  1.0000000e+000 -1.4985542e+001  1.3322283e+001
  1.0000000e+000 -6.6838247e-001 -2.7014859e+000
  1.0000000e+000 -1.4437276e+001 -1.4184793e+001
  1.0000000e+000 -2.6534854e+000 -3.6861235e+000
  1.0000000e+000 -2.0982293e+000  3.4175756e-001
  1.0000000e+000 -2.3252036e+000  6.6093544e+000
  1.0000000e+000 -1.8304579e+000 -2.3903389e-001
  1.0000000e+000 -5.8969170e+000 -9.5843728e+000
  1.0000000e+000 -1.5827902e+001 -1.3106825e+001
  1.0000000e+000  1.1035050e+000  5.6479672e-001
  1.0000000e+000 -1.2285607e+000  8.7246608e+000
  1.0000000e+000 -2.4499253e+000  1.6005727e+000
  1.0000000e+000 -1.3810918e+001 -1.0476503e+001
  1.0000000e+000 -9.2096567e+000 -8.8725718e+000
  1.0000000e+000 -6.6189315e+000 -9.2684265e+000
  1.0000000e+000 -6.7175389e+000 -9.3864218e+000
  1.0000000e+000 -6.0982655e+000 -1.0494000e+001
  1.0000000e+000  1.3700522e+000 -1.7827004e+000
  1.0000000e+000 -1.3070434e+000  5.0955420e+000
  1.0000000e+000 -1.8235579e+001  1.4165247e+001
  1.0000000e+000 -1.1929582e+001  1.3845138e+001
  1.0000000e+000 -1.2075341e+001  9.8774994e+000
  1.0000000e+000 -1.5529957e+001 -1.2735902e+001
  1.0000000e+000  2.1804439e+000  6.2501538e-001
  1.0000000e+000 -3.3744323e+000  8.8621241e+000
  1.0000000e+000 -6.7405627e-001 -4.4772195e+000
  1.0000000e+000 -4.0653602e+000 -8.8783710e+000
  1.0000000e+000 -1.7032008e+001  1.0546032e+001
  1.0000000e+000 -2.1734020e+001 -1.4037230e+001
  1.0000000e+000 -9.2714541e+000  9.6876961e+000
  1.0000000e+000 -6.7883836e+000  7.1618257e+000
  1.0000000e+000 -8.5616379e+000  1.0374060e+001
  1.0000000e+000 -1.5970552e+001 -1.1716049e+001
  1.0000000e+000 -6.7800386e+000  1.2435112e+001
  1.0000000e+000 -2.4825362e+000 -1.0913619e-001
  1.0000000e+000 -8.7085138e-001 -1.8624740e+000
  1.0000000e+000 -1.6142725e+001 -1.0870269e+001
  1.0000000e+000 -1.2014619e+001 -9.9456785e+000
  1.0000000e+000 -1.6507332e+001 -1.2921126e+001
  1.0000000e+000 -1.6545184e+001  1.1368834e+001
  1.0000000e+000 -8.7971981e+000 -1.0481437e+001
  1.0000000e+000 -1.6667875e+001  1.3739872e+001
  1.0000000e+000 -1.2297935e+001 -9.4684068e+000
  1.0000000e+000 -9.9759030e+000 -1.0083571e+001
  1.0000000e+000 -9.8433333e+000  1.2085274e+001
  1.0000000e+000 -1.1569217e+000  2.4006165e+000
  1.0000000e+000 -1.5167417e+001  1.1921146e+001
  1.0000000e+000 -1.5348671e+001  9.4178656e+000
  1.0000000e+000 -4.7031014e-002  4.2071376e-001
  1.0000000e+000 -6.6803463e+000 -6.1930188e+000
  1.0000000e+000 -8.5517236e+000  1.1208164e+001
  1.0000000e+000 -1.7166045e+000 -1.4602648e+000
  1.0000000e+000 -1.8927488e+000 -5.4149906e+000
  1.0000000e+000 -1.3596611e+001 -1.2670602e+001
  1.0000000e+000 -1.0687951e+001 -1.2361708e+001
  1.0000000e+000 -3.2261963e+000 -6.5278576e+000
  1.0000000e+000 -8.1680386e+000 -1.2390026e+001
  1.0000000e+000 -1.9960139e+000  1.3380777e+000
  1.0000000e+000 -5.4821750e+000  8.9442894e+000
  1.0000000e+000 -7.1405753e+000  8.5922777e+000
  1.0000000e+000 -3.2125896e+000 -5.2595487e+000
  1.0000000e+000 -4.0144081e+000 -4.9426816e+000
  1.0000000e+000 -1.6284105e+001  1.2331031e+001
  1.0000000e+000 -1.3595018e+000 -5.2750238e+000
  1.0000000e+000 -1.1450426e+001 -1.1829085e+001
  1.0000000e+000 -1.3702433e+001 -9.7920551e+000
  1.0000000e+000 -7.7295714e+000 -9.7331846e+000
  1.0000000e+000 -7.7652251e+000  8.1826310e+000
  1.0000000e+000 -2.1765700e+001 -1.1416945e+001
  1.0000000e+000 -3.1591672e+000  7.9413242e+000
  1.0000000e+000 -2.6120123e+000 -1.9854169e+000
  1.0000000e+000 -2.0400013e+001 -1.3592920e+001
  1.0000000e+000 -9.0757472e+000  1.1393936e+001
  1.0000000e+000 -3.9833312e+000  7.3988111e+000
  1.0000000e+000 -1.5419465e+001  1.1945695e+001
  1.0000000e+000 -6.6021588e+000 -1.0495602e+001
  1.0000000e+000  1.1525309e-001 -1.2574722e+000
  1.0000000e+000 -7.5488857e+000  7.3434562e+000
  1.0000000e+000 -1.9123919e+001 -1.0592563e+001
  1.0000000e+000 -6.7180359e+000  9.2482756e+000
  1.0000000e+000 -6.2445200e+000 -8.8051137e+000
  1.0000000e+000 -1.1944787e+001 -1.0599068e+001
  1.0000000e+000 -6.0702895e-001  2.5737300e+000
  1.0000000e+000 -1.2507995e+001 -1.2501216e+001
  1.0000000e+000 -1.2566852e+000  4.5395063e-001
  1.0000000e+000 -3.7965133e+000  6.1365196e+000
  1.0000000e+000 -1.4043842e+001 -8.6896399e+000
  1.0000000e+000 -5.4442326e+000  8.1697661e+000
  1.0000000e+000 -1.3757537e+001 -9.2844135e+000
  1.0000000e+000 -1.2197011e+001  1.1881468e+001
  1.0000000e+000 -1.6644651e+001 -9.8919543e+000
  1.0000000e+000  5.4264037e-001 -2.5566007e+000
  1.0000000e+000 -2.1745179e+000  5.2496858e+000
  1.0000000e+000 -1.0609421e+000 -1.4986110e+000
  1.0000000e+000 -1.6313041e+001 -1.3447067e+001
  1.0000000e+000 -1.5237687e+001 -1.0085046e+001
  1.0000000e+000  4.1188466e-001 -3.6756863e+000
  1.0000000e+000 -1.3380403e+001  1.1921149e+001
  1.0000000e+000 -1.4546757e+001 -1.2282173e+001
  1.0000000e+000 -2.1245784e+000  4.7349907e+000
  1.0000000e+000 -1.2006982e+000  7.3314838e+000
  1.0000000e+000 -1.6698492e+000  1.6149381e+000
  1.0000000e+000 -1.5564525e-001  3.5696255e+000
  1.0000000e+000 -1.5143090e+001 -1.0367743e+001
  1.0000000e+000 -3.4879725e+000  3.9803976e+000
  1.0000000e+000  2.4584834e-001 -2.0352153e+000
  1.0000000e+000 -1.0408670e+001  9.1963509e+000
  1.0000000e+000 -1.5576603e+001 -1.2357753e+001
  1.0000000e+000 -3.7965945e+000 -7.5514495e+000
  1.0000000e+000 -1.0550078e+001 -8.4981989e+000
  1.0000000e+000 -1.9564707e+001 -1.3179184e+001
  1.0000000e+000 -1.2474448e+001  9.1727887e+000
  1.0000000e+000 -1.1621620e+001 -1.0533960e+001
  1.0000000e+000 -1.4824485e+001 -1.2454505e+001
  1.0000000e+000 -1.9792170e+000  8.8858284e+000
  1.0000000e+000 -2.5137845e+000 -1.4403209e+000
  1.0000000e+000 -1.6721066e+000 -1.0397919e+000
  1.0000000e+000 -1.5534966e+001 -9.8028295e+000
  1.0000000e+000 -1.9856026e+001  1.1900487e+001
  1.0000000e+000 -1.0260740e+001 -1.2238549e+001
  1.0000000e+000 -1.6350875e+001  1.2969606e+001
  1.0000000e+000 -4.9360032e-001  5.0017700e-001
  1.0000000e+000 -8.9699479e+000  1.2359886e+001
  1.0000000e+000 -3.3501976e+000  8.5442173e+000
  1.0000000e+000  5.2216443e-001  1.4566090e+000
  1.0000000e+000 -1.1756870e+001 -1.1041990e+001
  1.0000000e+000 -9.7354565e+000 -1.2497549e+001
  1.0000000e+000 -9.5258168e+000  9.6591020e+000
  1.0000000e+000 -2.0321070e+001  9.9134229e+000
  1.0000000e+000 -1.7671719e+001  1.3246203e+001
  1.0000000e+000 -4.4164865e+000  4.1586150e+000
  1.0000000e+000 -3.8206948e+000  3.1494739e+000
  1.0000000e+000 -9.9723520e+000 -1.0086207e+001
  1.0000000e+000 -1.6402325e+001 -1.3642354e+001
  1.0000000e+000 -7.0816050e+000 -1.0340656e+001
  1.0000000e+000  6.1684451e-001 -3.8320545e+000
  1.0000000e+000 -9.1272027e+000 -8.9812652e+000
  1.0000000e+000  2.3687642e+000  1.6614877e+000
  1.0000000e+000  1.6151331e-001 -2.0660441e+000
  1.0000000e+000 -6.7216134e+000  9.3515288e+000
  1.0000000e+000 -1.7881821e+000 -5.8917648e-001
  1.0000000e+000 -1.1380170e+001 -1.3334480e+001
  1.0000000e+000 -5.6066860e+000  6.8878426e+000
  1.0000000e+000  1.4205876e+000  1.0784730e+000
  1.0000000e+000 -3.0358810e+000 -1.8533969e+000
  1.0000000e+000 -3.9996091e+000  8.2736108e+000
  1.0000000e+000 -1.0305846e+001  1.2051591e+001
  1.0000000e+000 -1.8791211e+000  2.1647001e+000
  1.0000000e+000 -7.7031805e+000  1.0707916e+001
  1.0000000e+000  2.2774969e-001 -5.0300155e+000
  1.0000000e+000 -4.6395822e+000  9.5228781e+000
  1.0000000e+000 -9.6373779e+000  1.0166211e+001
  1.0000000e+000  2.8180030e-001 -8.6733548e-001
  1.0000000e+000 -8.1289401e+000  1.1756850e+001
  1.0000000e+000 -1.5944769e+000 -1.1436100e+000
  1.0000000e+000 -1.5846243e+001  1.3872729e+001
  1.0000000e+000 -5.1964360e-001 -4.1634951e-001
  1.0000000e+000 -1.7174852e+001 -1.0292953e+001
  1.0000000e+000 -4.1528988e+000 -6.3268183e+000
  1.0000000e+000  2.2457546e+000  9.4189279e-001
  1.0000000e+000 -1.3229842e+001  1.0061375e+001
  1.0000000e+000 -2.3999283e-001  5.8187564e+000
  1.0000000e+000 -1.5256821e+001  9.6968520e+000
  1.0000000e+000 -1.8322935e-001 -4.7671544e+000
  1.0000000e+000  1.2558125e+000 -1.7587253e+000
  1.0000000e+000 -1.1434065e+001  9.5433430e+000
  1.0000000e+000  1.0018249e+000  3.1352656e+000
  1.0000000e+000 -7.2415145e+000 -9.6899809e+000
  1.0000000e+000  8.0584458e-001  1.1572539e+000
  1.0000000e+000 -1.2124073e+001 -8.1501661e+000
  1.0000000e+000 -1.8006065e+001 -1.2028183e+001
  1.0000000e+000 -7.5927339e-001 -7.3272690e-001
  1.0000000e+000  1.4206335e-001  3.8826164e+000
  1.0000000e+000 -8.3042052e+000  1.0123951e+001
  1.0000000e+000 -2.9104778e+000 -3.3041377e+000
  1.0000000e+000  1.0858126e+000  2.3133177e+000
  1.0000000e+000 -1.5175144e+001  1.1803264e+001
  1.0000000e+000 -3.3401166e+000  3.4397450e+000
  1.0000000e+000 -5.5957132e+000  1.0200726e+001
  1.0000000e+000  1.0301401e+000  5.5172914e+000
  1.0000000e+000  1.9908742e+000  1.1061761e+000
  1.0000000e+000 -8.1584821e+000 -8.5787741e+000
  1.0000000e+000 -2.7039553e+000  1.8843494e+000
  1.0000000e+000 -2.0003156e+001 -1.0385055e+001
  1.0000000e+000 -1.9682478e+000  6.1726272e+000
  1.0000000e+000 -3.2444036e-001  6.6241855e+000
  1.0000000e+000 -9.4701216e+000 -1.1889192e+001
  1.0000000e+000 -1.7576829e+001  9.4164358e+000
  1.0000000e+000 -6.9107605e+000  1.0786960e+001
  1.0000000e+000 -6.2939371e+000  6.9665357e+000
  1.0000000e+000 -2.0538945e+001 -1.2746172e+001
  1.0000000e+000  3.8347841e-001  4.7839759e-001
  1.0000000e+000  3.6085869e-001 -7.0958657e+000
  1.0000000e+000 -1.8870518e+001 -1.0515137e+001
  1.0000000e+000 -1.5867715e-001 -4.2439768e+000
  1.0000000e+000 -2.3865827e+000 -8.1096184e+000
  1.0000000e+000 -1.0363213e+000  3.3900748e+000
  1.0000000e+000 -3.6542160e+000 -5.7142537e+000
  1.0000000e+000 -1.5212871e+001  9.6813705e+000
  1.0000000e+000 -1.0454450e+001 -1.3573967e+001
  1.0000000e+000  2.8363395e-001  1.4226687e+000
  1.0000000e+000 -1.8700256e+001 -1.4173806e+001
  1.0000000e+000 -1.7453815e-001 -6.6079586e+000
  1.0000000e+000 -1.0856362e+000  5.6435098e+000
  1.0000000e+000 -4.4600044e+000  8.8800629e+000
  1.0000000e+000 -1.1610788e+001 -1.0808667e+001
  1.0000000e+000  5.3305930e-001 -3.1562790e+000
  1.0000000e+000 -9.9568517e+000  1.1048141e+001
  1.0000000e+000 -2.0441819e+001  1.4472082e+001
  1.0000000e+000 -1.8577535e+001 -1.3909784e+001
  1.0000000e+000  1.1938292e-001 -1.8158137e+000
  1.0000000e+000 -1.3746471e+001 -9.5832410e+000
  1.0000000e+000 -1.9293844e+001 -1.0839908e+001
  1.0000000e+000 -1.0539273e+001  8.6503077e+000
  1.0000000e+000 -7.1540647e+000  1.1516037e+001
  1.0000000e+000 -1.0091995e+001  9.7253901e+000
  1.0000000e+000 -7.1414815e+000  8.4375865e+000
  1.0000000e+000 -7.5455528e+000  8.7023694e+000
  1.0000000e+000 -9.5488646e+000  1.1189765e+001
  1.0000000e+000 -3.7637640e+000  1.0827289e+001
  1.0000000e+000 -1.5616410e+000  2.7761450e+000
  1.0000000e+000 -3.9167210e+000 -6.7833650e+000
  1.0000000e+000 -7.5027265e+000  1.0391570e+001
  1.0000000e+000 -1.0850379e+000  7.7660426e+000
  1.0000000e+000 -2.3714602e-001  6.2505534e+000
  1.0000000e+000 -1.8269940e+000 -6.3300374e+000
  1.0000000e+000 -1.5013201e+001  1.1248788e+001
  1.0000000e+000 -7.5633200e+000 -8.3945908e+000
  1.0000000e+000  2.2201622e+000 -2.7123059e-001
  1.0000000e+000 -5.1802705e+000 -6.7045369e+000
  1.0000000e+000 -1.6739510e+000  1.9017649e-001
  1.0000000e+000 -1.7933505e+001 -9.5351143e+000
  1.0000000e+000 -1.7355702e+001 -9.3566236e+000
  1.0000000e+000 -1.2031492e+000  1.5687419e+000
  1.0000000e+000 -1.5374181e+000  1.6038083e+000
  1.0000000e+000 -6.0934061e+000 -8.3957568e+000
  1.0000000e+000 -4.9814693e+000  9.3276702e+000
  1.0000000e+000 -1.3221201e+001 -1.3663815e+001
  1.0000000e+000 -1.4710182e+001  1.2125007e+001
  1.0000000e+000 -2.1111812e-001 -3.9630846e+000
  1.0000000e+000 -3.4432000e+000  9.7897058e+000
  1.0000000e+000 -3.9867877e+000 -4.0878596e+000
  1.0000000e+000 -3.1964300e+000  1.9143576e+000
  1.0000000e+000  1.5434035e+000  3.4900221e+000
  1.0000000e+000 -1.6323626e+001  9.3908013e+000
  1.0000000e+000  2.3461454e+000  5.6319563e-001
  1.0000000e+000 -5.7462216e+000 -8.3965410e+000
  1.0000000e+000  1.0126706e+000 -4.1458104e+000
  1.0000000e+000 -1.0288973e+001  9.8931969e+000
  1.0000000e+000 -1.5411449e+001 -1.1272421e+001
  1.0000000e+000 -5.2129478e+000 -1.0348749e+001
  1.0000000e+000 -3.8934234e+000  6.8115166e+000
  1.0000000e+000 -3.3246188e+000  9.3665202e+000
  1.0000000e+000 -9.6915039e+000  1.2061918e+001
  1.0000000e+000 -1.2971164e+001 -1.1225781e+001
  1.0000000e+000 -1.3514641e+001  1.3469538e+001
  1.0000000e+000 -1.6310022e+001 -1.3031193e+001
  1.0000000e+000 -1.0194292e+000 -4.2479447e+000
  1.0000000e+000 -1.1743674e+001 -1.2064318e+001
  1.0000000e+000 -8.5697153e+000 -9.1894073e+000
  1.0000000e+000 -5.0321438e+000 -1.0051160e+001
  1.0000000e+000 -2.0495651e+001 -1.1257143e+001
  1.0000000e+000 -9.4769893e+000 -1.1950613e+001
  1.0000000e+000 -4.4601846e-001 -1.6674051e-001
  1.0000000e+000 -7.1371326e+000  1.1442928e+001
  1.0000000e+000 -5.4023795e+000  9.0269834e+000
  1.0000000e+000 -8.0667306e+000  1.0757613e+001
  1.0000000e+000 -2.0825801e+001 -1.2774693e+001
  1.0000000e+000 -1.4254038e+001 -1.3530612e+001
  1.0000000e+000 -9.2314986e+000 -1.0888030e+001
  1.0000000e+000 -1.1457730e-001 -2.8723878e+000
  1.0000000e+000 -1.8987058e+001  1.1516952e+001
  1.0000000e+000 -1.7187241e+001  1.3901313e+001
  1.0000000e+000 -1.9240235e+001  1.1428226e+001
  1.0000000e+000 -2.2852414e+000 -1.2498396e+000
  1.0000000e+000 -8.2950136e+000  1.1190100e+001
  1.0000000e+000 -6.9942704e+000 -9.1110661e+000
  1.0000000e+000 -2.0753675e+001  1.3359719e+001
  1.0000000e+000 -4.0444179e+000  5.2859596e+000
  1.0000000e+000 -9.7775150e+000 -9.2428962e+000
  1.0000000e+000 -5.0158501e+000  9.6419704e+000
  1.0000000e+000 -9.9079586e+000  1.0254084e+001
  1.0000000e+000 -1.6530775e+001 -1.0214496e+001
  1.0000000e+000 -6.5568276e+000 -8.2499470e+000
  1.0000000e+000 -2.2244475e+000  2.9976389e+000
  1.0000000e+000 -1.9010497e+000  7.0528915e+000
  1.0000000e+000 -8.6949402e+000 -1.0070491e+001
  1.0000000e+000  4.7813082e-001  2.8995368e+000
  1.0000000e+000 -1.6658937e+001 -1.3690676e+001
  1.0000000e+000 -1.4314904e+001 -1.3417456e+001
  1.0000000e+000 -1.7732114e+001 -1.3167754e+001
  1.0000000e+000 -1.0670785e+001 -9.1724922e+000
  1.0000000e+000 -1.0462694e+001  1.0463263e+001
  1.0000000e+000 -1.5497141e+000  4.4870690e+000
  1.0000000e+000 -1.8294206e+001 -1.4280323e+001
  1.0000000e+000 -2.1859188e+001 -1.0090920e+001
  1.0000000e+000 -7.6064386e+000  8.5385594e+000
  1.0000000e+000 -8.6368517e+000  7.9902688e+000
  1.0000000e+000  1.1409424e-001 -4.7945044e+000
  1.0000000e+000 -8.9533702e+000  1.1174193e+001
  1.0000000e+000 -4.0754225e+000  4.7310663e+000
  1.0000000e+000 -1.1364229e+000 -1.8636195e+000
  1.0000000e+000 -8.6178103e+000  8.2016457e+000
  1.0000000e+000 -6.0620712e+000 -1.0069041e+001
  1.0000000e+000 -7.6149437e+000  7.6916721e+000
  1.0000000e+000 -1.2511614e+001 -9.4844441e+000
  1.0000000e+000 -1.4370938e+001 -1.0952638e+001
  1.0000000e+000 -1.1410245e+001 -1.2654311e+001
  1.0000000e+000 -2.8351804e+000  7.2006123e+000
  1.0000000e+000 -6.8739987e+000  7.1860002e+000
  1.0000000e+000 -2.0486936e+001  1.3517651e+001
  1.0000000e+000  2.1230546e+000 -2.2789654e-001
  1.0000000e+000 -9.9231197e+000  1.2447582e+001
  1.0000000e+000 -1.3739369e+001 -1.2548115e+001
  1.0000000e+000 -4.9322532e+000  5.0897996e+000
  1.0000000e+000 -1.5603243e+001  1.3983168e+001
  1.0000000e+000 -1.8468111e+001 -1.2129802e+001
  1.0000000e+000 -1.6268560e+000 -5.2477816e+000
  1.0000000e+000 -1.0668203e+001  9.7707989e+000
  1.0000000e+000 -6.9973620e+000  9.0334667e+000
  1.0000000e+000 -2.8497543e+000 -1.3445538e+000
  1.0000000e+000 -1.7876892e+001 -1.2614024e+001
  1.0000000e+000 -1.4110250e+001 -9.0156231e+000
  1.0000000e+000 -5.0357312e+000 -7.8510821e+000
  1.0000000e+000 -1.7087617e+001  1.0739536e+001
  1.0000000e+000 -8.8670553e+000  6.9129566e+000
  1.0000000e+000 -6.3624588e+000  8.4623746e+000
  1.0000000e+000  2.0682779e+000 -1.4798712e-001
  1.0000000e+000 -1.0800985e+001 -1.1024224e+001
  1.0000000e+000 -5.3548139e+000  9.9864102e+000
  1.0000000e+000 -1.3098973e+001  1.2076411e+001
  1.0000000e+000 -5.8773793e+000  8.4797135e+000
  1.0000000e+000 -3.1799385e+000  4.6094899e+000
  1.0000000e+000 -8.9468807e+000  8.7608042e+000
  1.0000000e+000 -9.7372626e+000  9.2164147e+000
  1.0000000e+000 -1.3789127e+001  1.1892869e+001
  1.0000000e+000 -2.0691966e+001  1.0003064e+001
  1.0000000e+000 -1.4888582e+001  1.1308510e+001
  1.0000000e+000 -7.4783629e+000  9.8356238e+000
  1.0000000e+000 -2.9768067e+000  9.1189443e+000
  1.0000000e+000 -1.9373825e+001  1.3655151e+001
  1.0000000e+000 -2.0924147e+000 -6.7383439e+000
  1.0000000e+000 -3.7978270e+000  3.4503164e+000
  1.0000000e+000 -3.3897441e+000  3.6259865e+000
  1.0000000e+000 -3.6726556e+000  7.0312357e+000
  1.0000000e+000 -9.3213183e+000  1.1619060e+001
  1.0000000e+000 -1.3509674e+001 -9.9093789e+000
  1.0000000e+000 -2.1366262e+001  9.9250240e+000
  1.0000000e+000 -1.2480545e+001  1.1557283e+001
  1.0000000e+000 -1.3754399e+001  1.3059427e+001
  1.0000000e+000 -9.2065182e+000  1.1978145e+001
  1.0000000e+000 -9.4655285e+000 -9.2975060e+000
  1.0000000e+000 -1.7731494e+001  1.3685816e+001
  1.0000000e+000 -5.1130444e+000  5.2311768e+000
  1.0000000e+000 -5.8263236e+000  9.9886481e+000
  1.0000000e+000 -1.0513227e+001 -7.6857870e+000
  1.0000000e+000 -1.7048786e+001  1.0532958e+001
  1.0000000e+000 -1.3504732e+001 -1.2906252e+001
  1.0000000e+000  2.1205658e+000 -1.4090763e+000
  1.0000000e+000 -1.9075762e+001  1.2068350e+001
  1.0000000e+000 -8.2254365e+000 -1.0480705e+001
  1.0000000e+000  1.7683877e+000  1.2083249e+000
  1.0000000e+000 -1.2343220e+000 -3.2903681e-001
  1.0000000e+000 -4.4744513e+000 -9.6491536e+000
  1.0000000e+000 -1.4019554e+001  1.1146675e+001
  1.0000000e+000 -1.5765631e+001  1.1892562e+001
  1.0000000e+000 -2.6090710e+000  3.1940900e+000
  1.0000000e+000 -1.7809604e+001 -1.3079603e+001
  1.0000000e+000 -1.6290301e+001 -1.0637095e+001
  1.0000000e+000 -1.5949435e+001  1.3884422e+001
  1.0000000e+000 -1.0433978e+001  9.4201411e+000
  1.0000000e+000 -8.0727209e+000  1.1374376e+001
  1.0000000e+000 -1.5306203e+001 -1.1441946e+001
  1.0000000e+000 -1.2600568e+001  8.8163078e+000
  1.0000000e+000 -1.3284853e+001  1.2806543e+001
  1.0000000e+000 -1.5194308e+001  1.0927547e+001
  1.0000000e+000 -1.4234009e+000  5.0138216e+000
  1.0000000e+000 -5.9199321e+000  7.2402328e+000
  1.0000000e+000 -1.7424586e+000  1.3826235e-002
  1.0000000e+000  2.2863648e+000  2.8245487e+000
  1.0000000e+000 -1.2535114e+001  1.3307922e+001
  1.0000000e+000 -2.1229153e+001 -1.3044801e+001
  1.0000000e+000 -1.3444510e+001 -9.5720257e+000
  1.0000000e+000 -1.8694889e+001  1.2136414e+001
  1.0000000e+000 -7.1784432e+000  1.2153636e+001
  1.0000000e+000 -3.7868003e+000 -6.1753591e+000
  1.0000000e+000 -1.7118705e+001  1.2975612e+001
  1.0000000e+000 -4.4669295e-001 -5.0342078e+000
  1.0000000e+000 -2.6991006e+000  6.3355182e+000
  1.0000000e+000 -1.5722370e+000  1.4136303e+000
  1.0000000e+000 -1.5658139e-001 -1.2428150e+000
  1.0000000e+000 -2.4836471e+000 -1.6504419e+000
  1.0000000e+000 -1.7208656e+001 -1.2006945e+001
  1.0000000e+000 -1.0065286e+001  8.6862036e+000
  1.0000000e+000 -8.1657476e+000 -1.1391812e+001
  1.0000000e+000 -2.8075348e+000  8.0086939e+000
  1.0000000e+000 -1.8578857e+000  1.8282437e+000
  1.0000000e+000  8.6894583e-001 -7.4414566e-001
  1.0000000e+000 -9.5799194e+000 -1.2624196e+001
  1.0000000e+000 -4.6863198e+000 -8.3479153e+000
  1.0000000e+000 -3.8986275e+000 -1.0782958e+001
  1.0000000e+000 -1.1486869e+001 -1.2008588e+001
  1.0000000e+000 -1.0269925e+001 -1.1187639e+001
  1.0000000e+000 -7.4777255e-002  2.0969325e+000
  1.0000000e+000 -5.1325730e+000  7.6281170e+000
  1.0000000e+000 -1.4749443e+000 -5.0448002e+000
  1.0000000e+000 -1.3183515e+001 -1.2159189e+001
  1.0000000e+000 -5.6754592e-001  2.3957525e+000
  1.0000000e+000 -1.8572680e-001 -6.6170095e+000
  1.0000000e+000 -1.8321003e+001 -1.0524847e+001
  1.0000000e+000 -5.0995015e+000 -6.1351141e+000
  1.0000000e+000 -1.1853712e+001  1.0873664e+001
  1.0000000e+000  2.9843092e-001  2.6487088e+000
  1.0000000e+000 -7.8892023e+000 -7.9645429e+000
  1.0000000e+000 -1.6528913e+001  1.0604274e+001
  1.0000000e+000 -3.7766939e+000 -5.0315759e+000
  1.0000000e+000 -1.2878501e+001 -1.1356786e+001
  1.0000000e+000 -1.7455114e+001  1.3824816e+001
  1.0000000e+000 -9.0571618e+000  8.2176260e+000
  1.0000000e+000 -1.2731080e+001 -9.0668887e+000
  1.0000000e+000 -3.9428216e+000 -3.0473824e+000
  1.0000000e+000 -2.1547154e+001  1.1210756e+001
  1.0000000e+000 -1.7488481e+001  1.0514724e+001
  1.0000000e+000 -1.0205117e+001  9.9368113e+000
  1.0000000e+000 -1.9743031e+001  1.0923122e+001
  1.0000000e+000 -1.1540459e+001  1.1328901e+001
  1.0000000e+000 -1.9312584e+001 -1.3836746e+001
  1.0000000e+000  2.3964950e+000 -9.8782424e-001
  1.0000000e+000 -1.3059550e+000  3.6568518e+000
  1.0000000e+000 -6.0640098e-002 -2.8589957e+000
  1.0000000e+000 -1.6217752e+000  2.5191737e+000
  1.0000000e+000 -1.2035995e+001  1.1515558e+001
  1.0000000e+000  5.7267897e-001 -8.0571532e-001
  1.0000000e+000 -2.7152345e+000  3.0899044e+000
  1.0000000e+000 -1.5696476e+001 -1.4330720e+001
  1.0000000e+000 -6.9899523e+000  8.5424669e+000
  1.0000000e+000 -1.4412979e+001 -1.3078488e+001
  1.0000000e+000 -3.5413744e+000 -6.6263226e+000
  1.0000000e+000  1.2762586e+000 -4.1037588e+000
  1.0000000e+000 -6.9080017e+000 -7.9741488e+000
  1.0000000e+000 -9.8663387e+000 -9.5672444e+000
  1.0000000e+000 -1.4329399e+000 -5.7152141e+000
  1.0000000e+000 -2.1299830e+000  1.1763981e+000
  1.0000000e+000 -1.7145205e+000 -1.9618603e+000
  1.0000000e+000 -1.3544093e+000  6.6610316e+000
  1.0000000e+000 -1.3654462e+001 -1.2014398e+001
  1.0000000e+000 -7.1559952e+000  8.6012442e+000
  1.0000000e+000  1.5080984e-001 -4.2730372e+000
  1.0000000e+000 -4.9721397e+000  5.2488372e+000
  1.0000000e+000 -3.9163811e+000  5.0667866e+000
  1.0000000e+000 -1.2697532e+001  9.2779664e+000
  1.0000000e+000 -5.3031161e+000  1.0596392e+001
  2.0000000e+000 -2.0965699e+001  2.1244743e+001
  2.0000000e+000  3.4490515e-001  1.6189399e+001
  2.0000000e+000 -5.8918366e+000  1.7923136e+001
  2.0000000e+000  1.5988688e+000  1.5466545e+001
  2.0000000e+000  8.5483303e+000  1.0455492e+001
  2.0000000e+000 -1.4018237e+001 -1.9645321e+001
  2.0000000e+000  1.3356534e+001  7.1485606e+000
  2.0000000e+000  1.2895965e+001 -2.2978935e+000
  2.0000000e+000 -1.7461306e+001  2.0493619e+001
  2.0000000e+000  6.7430351e+000 -1.4717992e+001
  2.0000000e+000  5.5418102e-002  1.7684963e+001
  2.0000000e+000  1.2879164e+001 -8.5305679e+000
  2.0000000e+000  1.5371222e+001 -4.6806411e+000
  2.0000000e+000  1.8436214e+000 -1.6917953e+001
  2.0000000e+000  1.6425479e+001  3.5826601e+000
  2.0000000e+000  7.0845635e+000 -1.5504116e+001
  2.0000000e+000 -6.3585009e+000  1.9086295e+001
  2.0000000e+000  1.3217958e+001 -7.7825495e+000
  2.0000000e+000  9.7130716e+000  1.3726357e+001
  2.0000000e+000 -1.3859145e+001 -2.1084553e+001
  2.0000000e+000  8.4258430e+000 -1.2276933e+001
  2.0000000e+000  1.5127974e+001  2.9936487e+000
  2.0000000e+000  1.1267613e+001  1.1659989e+001
  2.0000000e+000  2.1321623e+000  1.3635686e+001
  2.0000000e+000  3.2554990e+000  1.5481161e+001
  2.0000000e+000  1.2615853e+001  1.5371415e+000
  2.0000000e+000  1.1238993e+001 -7.5108084e+000
  2.0000000e+000 -1.3686337e+001  1.9388266e+001
  2.0000000e+000  3.7944288e+000  1.3041049e+001
  2.0000000e+000 -6.1581594e-001 -1.9403614e+001
  2.0000000e+000 -1.9791546e+001 -2.2813829e+001
  2.0000000e+000 -3.6122498e+000  1.6973077e+001
  2.0000000e+000  1.1721493e+001 -9.8257642e+000
  2.0000000e+000  1.4945976e+001  9.4141759e+000
  2.0000000e+000  3.0704233e+000  1.6677887e+001
  2.0000000e+000  1.3370560e+001 -8.4435187e+000
  2.0000000e+000  9.8056290e+000  1.2101536e+001
  2.0000000e+000  1.1635843e+001 -9.9675854e+000
  2.0000000e+000 -1.8588883e+001  1.9437467e+001
  2.0000000e+000 -1.0404466e+001 -2.0899054e+001
  2.0000000e+000  6.8839279e+000 -1.2950341e+001
  2.0000000e+000  1.2104026e+001  1.1061784e+001
  2.0000000e+000 -8.6804956e+000 -1.9134392e+001
  2.0000000e+000  1.1726216e+001  1.0266265e+001
  2.0000000e+000 -1.4934318e+001  2.0488847e+001
  2.0000000e+000  7.8667398e+000  1.4800421e+001
  2.0000000e+000 -1.7203441e+001 -1.9281422e+001
  2.0000000e+000  1.4937780e+001  5.5574194e+000
  2.0000000e+000 -4.7589791e+000  1.6627631e+001
  2.0000000e+000  1.2377643e+001 -7.8362545e+000
  2.0000000e+000 -9.9907878e+000  2.2783071e+001
  2.0000000e+000  3.4530990e+000  1.6481019e+001
  2.0000000e+000 -1.7116197e+001  2.1538494e+001
  2.0000000e+000 -1.7913572e+001  1.9818934e+001
  2.0000000e+000  3.8814759e+000 -1.6419531e+001
  2.0000000e+000  1.6117579e+001 -7.0936247e+000
  2.0000000e+000  1.3171022e+001 -3.9701547e+000
  2.0000000e+000  1.2270035e+001  7.6086438e+000
  2.0000000e+000 -5.7741847e+000  1.7261931e+001
  2.0000000e+000  1.5815131e+001  1.3034527e+000
  2.0000000e+000  2.6821020e+000 -1.4267967e+001
  2.0000000e+000 -3.7413311e+000 -1.9204839e+001
  2.0000000e+000  1.2913516e+001  9.0096974e-002
  2.0000000e+000 -1.5917548e+001  1.9274982e+001
  2.0000000e+000  1.4748227e+000  1.4085113e+001
  2.0000000e+000 -1.4915086e+001 -2.0450024e+001
  2.0000000e+000  7.4741370e+000  1.3211779e+001
  2.0000000e+000  9.0371144e+000 -1.4809547e+001
  2.0000000e+000  1.1631126e+001  5.9090188e+000
  2.0000000e+000  5.4789991e+000  1.1569637e+001
  2.0000000e+000  7.6528190e+000  1.1510284e+001
  2.0000000e+000 -1.3639317e+001 -2.3042457e+001
  2.0000000e+000  7.6733133e+000  9.4726980e+000
  2.0000000e+000 -8.2348563e+000  1.8874172e+001
  2.0000000e+000 -7.8732031e+000  2.0974956e+001
  2.0000000e+000  8.6817184e+000  1.2425103e+001
  2.0000000e+000  1.3508090e+001  4.2367885e-001
  2.0000000e+000  1.5784904e+001 -2.5793833e+000
  2.0000000e+000  1.2892487e+001  5.0560319e+000
  2.0000000e+000 -8.3855479e+000 -2.0632811e+001
  2.0000000e+000 -1.4871066e+001 -1.9496632e+001
  2.0000000e+000  8.6626082e+000  1.3165849e+001
  2.0000000e+000  2.4660111e+000 -1.2880775e+001
  2.0000000e+000  9.0359565e-001  1.8071587e+001
  2.0000000e+000  1.4047276e+001  2.1906629e-001
  2.0000000e+000  1.6437600e+001  1.5743204e+000
  2.0000000e+000  1.2843372e+001 -2.6831559e+000
  2.0000000e+000 -5.4212527e+000  1.8041431e+001
  2.0000000e+000 -7.2008605e+000 -1.9984473e+001
  2.0000000e+000  5.9194989e+000  1.7080038e+001
  2.0000000e+000 -1.4054982e+001 -2.2783486e+001
  2.0000000e+000  4.4608048e-002  1.5925734e+001
  2.0000000e+000 -2.0062854e+001  2.2280305e+001
  2.0000000e+000 -3.6739111e+000  1.9960882e+001
  2.0000000e+000 -1.4351526e+001  1.9363230e+001
  2.0000000e+000 -3.3767775e+000  2.0008018e+001
  2.0000000e+000  8.6475619e+000  1.2143446e+001
  2.0000000e+000  1.6905559e+001 -4.1754271e+000
  2.0000000e+000 -7.1047190e-001  1.5942703e+001
  2.0000000e+000 -1.7247103e+001 -1.8879791e+001
  2.0000000e+000  1.2877021e+001  1.0752587e+000
  2.0000000e+000  1.1946475e+000 -1.6838037e+001
  2.0000000e+000 -6.3403331e+000  2.0821448e+001
  2.0000000e+000 -1.3075114e+001  1.9823154e+001
  2.0000000e+000 -4.4498968e+000  1.9442894e+001
  2.0000000e+000 -2.0091185e+001 -2.0016114e+001
  2.0000000e+000  1.2561314e+000 -1.6302947e+001
  2.0000000e+000 -1.7263866e+001  2.0617019e+001
  2.0000000e+000 -5.6550175e+000 -1.8739252e+001
  2.0000000e+000  1.0867290e+001 -1.0352883e+001
  2.0000000e+000 -6.4458966e-001 -1.9626720e+001
  2.0000000e+000  1.6176399e+001  3.3824354e+000
  2.0000000e+000 -4.4179633e+000 -1.9495682e+001
  2.0000000e+000  1.3247691e+001  8.2753412e+000
  2.0000000e+000  1.3777277e+001 -3.5912595e+000
  2.0000000e+000  7.6720873e+000 -9.1450653e+000
  2.0000000e+000  2.8252678e-001 -1.3973857e+001
  2.0000000e+000  1.7399137e+001 -1.3996434e+000
  2.0000000e+000 -5.0318751e+000 -1.9733040e+001
  2.0000000e+000  6.3907016e-001 -1.6966881e+001
  2.0000000e+000 -6.0958112e+000 -2.0712250e+001
  2.0000000e+000 -2.4913308e+000  1.8926394e+001
  2.0000000e+000 -1.3445455e+001  2.1650675e+001
  2.0000000e+000  1.5238500e+001 -1.5643186e-001
  2.0000000e+000  9.2445458e+000 -1.2035412e+001
  2.0000000e+000 -1.7262813e+001  2.3423923e+001
  2.0000000e+000  1.4026683e+001  2.6540824e+000
  2.0000000e+000  6.2551433e+000  1.2859593e+001
  2.0000000e+000 -6.7948665e+000 -2.0726657e+001
  2.0000000e+000  9.8161223e+000  1.1644853e+001
  2.0000000e+000 -1.3532823e+001  1.8795085e+001
  2.0000000e+000 -1.5621114e+001  2.0548023e+001
  2.0000000e+000 -4.0281250e+000  1.7968354e+001
  2.0000000e+000 -1.2254816e+001 -2.1772793e+001
  2.0000000e+000  1.6073755e+001 -9.5309982e-001
  2.0000000e+000 -3.6500883e+000 -1.9104194e+001
  2.0000000e+000  1.4418948e+001  1.5049495e+000
  2.0000000e+000  2.9565794e-001 -1.7247877e+001
  2.0000000e+000 -1.9757197e-001  1.6812620e+001
  2.0000000e+000 -4.9834983e+000  1.8517625e+001
  2.0000000e+000  9.6934361e+000  1.0115441e+001
  2.0000000e+000  1.4346970e+001 -5.4203995e+000
  2.0000000e+000  5.3348526e+000 -1.5462364e+001
  2.0000000e+000 -1.2420942e+001  1.9643090e+001
  2.0000000e+000 -1.2913802e+001 -1.9966570e+001
  2.0000000e+000  4.2588542e+000 -1.5734506e+001
  2.0000000e+000 -1.5316710e+001 -1.9881650e+001
  2.0000000e+000  1.3728814e+001 -3.5100133e+000
  2.0000000e+000 -1.1288551e+001  2.0584047e+001
  2.0000000e+000  1.1127741e+001  7.9350134e+000
  2.0000000e+000 -1.8200304e+001  2.2953227e+001
  2.0000000e+000  1.0128010e+001  8.5274737e+000
  2.0000000e+000  1.0749784e+001 -9.6227477e+000
  2.0000000e+000 -1.6793605e+001 -2.3058639e+001
  2.0000000e+000 -4.0602505e+000  2.0703103e+001
  2.0000000e+000  1.2352463e+001  8.2656580e+000
  2.0000000e+000 -1.5778485e+001  2.1421789e+001
  2.0000000e+000 -2.0020382e+000 -1.8923591e+001
  2.0000000e+000  1.0817105e+001  8.9184511e+000
  2.0000000e+000  1.6715972e+001 -4.8514533e-002
  2.0000000e+000  1.4287901e+001  1.0342567e+000
  2.0000000e+000  7.3534119e-001 -1.8508843e+001
  2.0000000e+000  1.5215884e+001  1.1134161e+000
  2.0000000e+000  1.3641742e+001 -1.0621522e+001
  2.0000000e+000 -1.6405228e+000 -1.5987829e+001
  2.0000000e+000  1.4190521e+001  3.8040112e+000
  2.0000000e+000  5.9838050e+000 -1.3647702e+001
  2.0000000e+000  1.2674110e+001 -4.4272910e+000
  2.0000000e+000  1.1835207e+001 -1.0644839e+001
  2.0000000e+000  1.2173488e+001  5.9985204e+000
  2.0000000e+000 -1.8558337e+001 -1.9820011e+001
  2.0000000e+000  1.4430641e+001  6.9863883e-001
  2.0000000e+000  2.7818167e+000  1.4617910e+001
  2.0000000e+000 -6.0090148e+000  2.1386373e+001
  2.0000000e+000  9.4986207e+000 -1.0039083e+001
  2.0000000e+000  1.6188133e+001  6.9326222e+000
  2.0000000e+000 -2.0744743e+001  1.9290628e+001
  2.0000000e+000  1.5033032e+001 -3.9196355e+000
  2.0000000e+000 -5.4836277e+000  1.8986770e+001
  2.0000000e+000  1.1613715e+001 -9.4854337e+000
  2.0000000e+000 -4.1502728e+000  1.8401687e+001
  2.0000000e+000  6.4315268e+000 -1.6378684e+001
  2.0000000e+000  1.4202514e+001 -3.3221875e+000
  2.0000000e+000 -1.6151589e+001  2.0489524e+001
  2.0000000e+000  1.4093431e+001  7.5195093e+000
  2.0000000e+000  1.1865180e+000 -1.6084164e+001
  2.0000000e+000  1.4508312e+001  7.1800327e+000
  2.0000000e+000  1.4743853e+001  1.1476544e+000
  2.0000000e+000  9.8270715e+000  9.8270318e+000
  2.0000000e+000 -1.0830360e+001 -2.2400091e+001
  2.0000000e+000  5.6163756e+000 -1.3883415e+001
  2.0000000e+000  1.3846650e+001 -8.4610955e+000
  2.0000000e+000 -7.7226349e+000 -1.7039473e+001
  2.0000000e+000  6.4622130e+000 -1.3998201e+001
  2.0000000e+000  1.4167121e+001  1.9166838e+000
  2.0000000e+000  1.3930445e+001  7.6773940e+000
  2.0000000e+000 -3.9255580e+000 -1.8700515e+001
  2.0000000e+000  5.5797302e+000 -1.5340356e+001
  2.0000000e+000  8.8518213e+000  1.3397564e+001
  2.0000000e+000  1.1161835e+001 -9.5307327e+000
  2.0000000e+000  1.5189329e+001 -4.6362122e+000
  2.0000000e+000 -7.3522699e+000 -2.0611379e+001
  2.0000000e+000  5.9964204e+000 -1.3566476e+001
  2.0000000e+000  5.8413035e+000  1.1670805e+001
  2.0000000e+000  1.5513601e+001  2.1366740e+000
  2.0000000e+000  3.6408859e+000  1.3148023e+001
  2.0000000e+000 -1.9616182e+001 -2.1754491e+001
  2.0000000e+000 -7.7967749e+000  1.8195009e+001
  2.0000000e+000  1.0809254e+001  8.2715667e+000
  2.0000000e+000  6.2767298e+000 -1.4696184e+001
  2.0000000e+000  3.5915556e+000  1.4976254e+001
  2.0000000e+000  1.1589907e+001 -8.4814332e+000
  2.0000000e+000 -1.3672237e+001  2.2801600e+001
  2.0000000e+000 -1.2865856e+001 -2.0355093e+001
  2.0000000e+000  2.1995364e+000 -1.7307147e+001
  2.0000000e+000 -8.0447736e+000 -1.9449197e+001
  2.0000000e+000 -1.7033230e+001  2.0293011e+001
  2.0000000e+000 -8.1745841e+000 -1.8680947e+001
  2.0000000e+000 -7.1139140e+000 -1.6931422e+001
  2.0000000e+000  1.1760726e+001  1.0051862e+001
  2.0000000e+000  1.3021916e+001  8.7002154e-001
  2.0000000e+000  5.7010067e+000 -1.3881503e+001
  2.0000000e+000 -5.9064203e+000  1.7256497e+001
  2.0000000e+000  1.3149791e+001  5.4520954e+000
  2.0000000e+000  5.7658271e+000 -1.5132256e+001
  2.0000000e+000  1.6841297e+001  2.4437825e+000
  2.0000000e+000  9.4288076e+000 -9.4133665e+000
  2.0000000e+000  1.4496010e+001  5.4949514e-001
  2.0000000e+000 -6.1816315e+000  1.8244248e+001
  2.0000000e+000 -6.1270971e+000 -1.9693041e+001
  2.0000000e+000 -1.5828278e+001 -2.1028733e+001
  2.0000000e+000 -9.4429639e+000  2.2732237e+001
  2.0000000e+000 -1.7884064e+001  2.1722402e+001
  2.0000000e+000  7.8479813e+000 -1.1063530e+001
  2.0000000e+000 -1.5564006e+001 -1.9148607e+001
  2.0000000e+000 -6.1061576e+000 -1.8957028e+001
  2.0000000e+000  3.7476901e+000  1.7383172e+001
  2.0000000e+000  1.1589836e+001  1.1492740e+001
  2.0000000e+000  1.2502602e+001 -2.7650016e+000
  2.0000000e+000  1.5633891e+001  3.3957215e+000
  2.0000000e+000  1.4357818e+001 -9.2799986e+000
  2.0000000e+000  8.1615591e+000 -1.1090004e+001
  2.0000000e+000 -1.0299032e+000  1.4684136e+001
  2.0000000e+000  1.3399029e+001 -9.6913134e-001
  2.0000000e+000 -1.5769703e+001 -2.2781424e+001
  2.0000000e+000 -2.2478171e+000 -1.9624541e+001
  2.0000000e+000  2.9600559e+000  1.8030598e+001
  2.0000000e+000 -8.8109279e+000  2.0999300e+001
  2.0000000e+000  8.2287320e+000 -1.2564291e+001
  2.0000000e+000  7.4510844e+000 -1.5354044e+001
  2.0000000e+000  1.2699929e+001 -1.0666938e+001
  2.0000000e+000 -1.6257923e+001 -1.8767117e+001
  2.0000000e+000 -1.7712655e+001  1.8942805e+001
  2.0000000e+000  1.3225527e+001  9.5246480e+000
  2.0000000e+000 -1.5987265e+001 -1.8886736e+001
  2.0000000e+000 -1.1292674e+000 -1.9160815e+001
  2.0000000e+000  6.4986886e-001 -1.4833918e+001
  2.0000000e+000  2.4572094e-001 -1.6454090e+001
  2.0000000e+000 -1.3634751e+001  1.9924613e+001
  2.0000000e+000 -4.2735007e+000 -2.0215604e+001
  2.0000000e+000  6.4819760e-001  1.8132134e+001
  2.0000000e+000 -5.1907320e+000  1.6890638e+001
  2.0000000e+000  7.4357250e+000  1.1007164e+001
  2.0000000e+000  9.2901601e+000  1.1551322e+001
  2.0000000e+000 -5.9042645e+000 -1.7539580e+001
  2.0000000e+000  1.2944277e+001 -6.9838187e+000
  2.0000000e+000 -1.1240892e+001 -1.7922726e+001
  2.0000000e+000  1.3159787e+001 -1.1102874e+001
  2.0000000e+000  1.0759047e+001  1.0708935e+001
  2.0000000e+000  1.4298749e+001  2.7200958e+000
  2.0000000e+000  1.4701307e+001 -6.1391415e+000
  2.0000000e+000 -7.2420618e+000 -2.1695000e+001
  2.0000000e+000 -6.4719061e+000  2.1208770e+001
  2.0000000e+000  3.3334818e+000 -1.6129741e+001
  2.0000000e+000 -1.2677948e+001  2.0878046e+001
  2.0000000e+000  1.1860140e+001  9.2744322e+000
  2.0000000e+000  6.5839158e+000 -1.4364340e+001
  2.0000000e+000 -4.7591674e+000 -1.9383220e+001
  2.0000000e+000 -1.7367873e+001 -2.3242105e+001
  2.0000000e+000  4.3925137e+000  1.3368972e+001
  2.0000000e+000  5.1158144e+000 -1.5087675e+001
  2.0000000e+000  1.0231271e+000  1.6562508e+001
  2.0000000e+000  1.2941691e+001 -2.8648911e+000
  2.0000000e+000 -9.6600425e+000  2.1565321e+001
  2.0000000e+000 -1.7644537e+001 -2.1848833e+001
  2.0000000e+000  1.1544769e+000 -1.6637787e+001
  2.0000000e+000  1.2986519e+001  1.9005605e+000
  2.0000000e+000  1.3835859e+001 -3.3271014e+000
  2.0000000e+000 -1.3238361e+001 -2.1761592e+001
  2.0000000e+000  2.9052288e+000 -1.7169834e+001
  2.0000000e+000  9.8646280e+000  1.0146460e+001
  2.0000000e+000 -8.9316864e+000  1.7942628e+001
  2.0000000e+000 -1.0069231e+000  1.9521140e+001
  2.0000000e+000  1.4536720e+001  3.7624531e-001
  2.0000000e+000 -1.4684835e+001  2.2117675e+001
  2.0000000e+000  6.6087607e+000 -1.6049999e+001
  2.0000000e+000 -1.7155141e+001  2.1115863e+001
  2.0000000e+000  9.5001323e+000 -1.0973804e+001
  2.0000000e+000  2.8386773e+000  1.7227067e+001
  2.0000000e+000 -1.7500449e+001 -2.3007261e+001
  2.0000000e+000 -6.5120617e+000 -2.0673001e+001
  2.0000000e+000  1.2370965e+001 -9.2246132e+000
  2.0000000e+000 -9.6761663e+000  2.2790439e+001
  2.0000000e+000  1.9577845e+000 -1.5834571e+001
  2.0000000e+000 -1.5270759e+001 -2.0976172e+001
  2.0000000e+000 -1.3329829e+001  1.8530683e+001
  2.0000000e+000 -7.1139929e+000  1.9303226e+001
  2.0000000e+000  1.0711050e+001 -1.1520096e+001
  2.0000000e+000 -3.2533923e+000  2.0473992e+001
  2.0000000e+000 -1.7431636e+001 -2.2987352e+001
  2.0000000e+000  9.4368541e+000 -9.2151058e+000
  2.0000000e+000  1.6575631e+001  5.5959839e+000
  2.0000000e+000  9.6967068e+000 -1.1913538e+001
  2.0000000e+000 -1.4617857e+001 -2.2951863e+001
  2.0000000e+000  1.1883940e+000  1.7114989e+001
  2.0000000e+000 -1.5448236e+001  2.0875342e+001
  2.0000000e+000 -1.6853084e+001  1.8658039e+001
  2.0000000e+000  1.1269639e+001  7.6760208e+000
  2.0000000e+000  1.3249155e+001 -4.8869428e+000
  2.0000000e+000  7.3588547e+000  1.3772864e+001
  2.0000000e+000 -5.0016860e+000 -2.1487098e+001
  2.0000000e+000  1.3359059e+001  6.3047701e+000
  2.0000000e+000  1.3660220e-001 -1.7697519e+001
  2.0000000e+000 -1.9932162e+001 -2.3231194e+001
  2.0000000e+000 -5.8149564e+000  2.0219935e+001
  2.0000000e+000 -1.3246967e+001 -1.9969700e+001
  2.0000000e+000 -4.7408002e+000 -2.0491513e+001
  2.0000000e+000 -8.8590957e+000  2.1243512e+001
  2.0000000e+000 -2.1626663e+001  1.9665147e+001
  2.0000000e+000  4.8496959e+000  1.4615507e+001
  2.0000000e+000  1.1254440e+001  7.8896277e+000
  2.0000000e+000  1.3720607e+001  1.7437965e+000
  2.0000000e+000  3.9480953e+000 -1.4532954e+001
  2.0000000e+000  1.5691954e+001 -3.7143484e+000
  2.0000000e+000  9.6347370e+000 -9.0325605e+000
  2.0000000e+000  1.3111593e+001  9.9722157e+000
  2.0000000e+000  6.4568958e+000 -1.2772776e+001
  2.0000000e+000 -3.1901337e+000  1.9463763e+001
  2.0000000e+000 -8.5620205e+000 -1.8797193e+001
  2.0000000e+000  3.8717508e+000  1.6857750e+001
  2.0000000e+000  2.2838681e-001 -1.9954779e+001
  2.0000000e+000  1.1245133e+001 -5.3586750e+000
  2.0000000e+000  1.0807253e+001  7.4295479e+000
  2.0000000e+000  1.5115347e+001  4.9652135e+000
  2.0000000e+000 -1.7069881e+001 -2.2635956e+001
  2.0000000e+000  6.4079169e+000  1.0565375e+001
  2.0000000e+000 -2.0556629e+001  2.0474362e+001
  2.0000000e+000  1.3402900e+001  6.6907162e+000
  2.0000000e+000  1.0324370e+000 -1.6646331e+001
  2.0000000e+000  1.2975944e+001  3.1586387e+000
  2.0000000e+000  1.3690687e+001 -7.9605883e+000
  2.0000000e+000 -1.6892272e+001  1.9969369e+001
  2.0000000e+000  7.1611473e+000 -1.2735186e+001
  2.0000000e+000  4.0240183e+000  1.5011034e+001
  2.0000000e+000  5.2098671e+000  1.5013328e+001
  2.0000000e+000  1.1073563e+001 -7.7295271e+000
  2.0000000e+000  1.6143481e+001 -4.1173519e+000
  2.0000000e+000 -8.0631219e+000  1.9717245e+001
  2.0000000e+000 -8.8718033e+000 -2.0941479e+001
  2.0000000e+000  1.1927563e+001 -4.7099220e+000
  2.0000000e+000  1.9224251e+000  1.5926789e+001
  2.0000000e+000 -4.7031736e+000 -1.6747528e+001
  2.0000000e+000 -1.0215980e+001  1.7431637e+001
  2.0000000e+000  1.3777916e+001 -2.0723040e-001
  2.0000000e+000  1.6834448e+001  6.0473061e+000
  2.0000000e+000  1.2121696e+001 -7.8582775e+000
  2.0000000e+000 -4.8110512e+000 -2.0333318e+001
  2.0000000e+000  2.3466302e-001 -1.8694591e+001
  2.0000000e+000  6.0398154e+000  1.2755048e+001
  2.0000000e+000  5.3094575e+000  1.3856307e+001
  2.0000000e+000 -1.7809459e+001  2.2809081e+001
  2.0000000e+000  9.5517047e+000  1.4249118e+001
  2.0000000e+000  1.4250755e+001  4.7822484e+000
  2.0000000e+000 -6.0043658e+000 -1.8860522e+001
  2.0000000e+000  1.7062659e+000 -1.7861855e+001
  2.0000000e+000 -1.8194366e+001 -2.2166366e+001
  2.0000000e+000 -1.0699824e+001 -2.1529980e+001
  2.0000000e+000  1.1942457e+001  8.8444637e+000
  2.0000000e+000  1.4992190e+000 -1.6612908e+001
  2.0000000e+000 -8.6357963e+000 -2.1197914e+001
  2.0000000e+000  7.4171484e+000  1.2056466e+001
  2.0000000e+000  1.1408639e+000 -1.4718035e+001
  2.0000000e+000  1.3045022e+001 -1.0290937e+000
  2.0000000e+000 -1.0482228e+001  1.8363280e+001
  2.0000000e+000  1.2604391e+001  2.8809427e+000
  2.0000000e+000  1.6154777e+001 -2.4106013e+000
  2.0000000e+000  1.4195512e+001 -4.2179103e+000
  2.0000000e+000 -1.5891184e+001 -2.3220983e+001
  2.0000000e+000  5.0088027e-001  1.6627475e+001
  2.0000000e+000 -9.0809735e-001  1.8878947e+001
  2.0000000e+000 -1.9850499e+000  1.8521056e+001
  2.0000000e+000  1.0579542e+001  1.3246961e+001
  2.0000000e+000  9.2357787e+000  8.8422790e+000
  2.0000000e+000 -5.1732399e+000 -1.8908256e+001
  2.0000000e+000  4.9887632e+000  1.3453983e+001
  2.0000000e+000 -1.1716046e+001 -2.1544436e+001
  2.0000000e+000 -1.8623896e+001 -1.9715653e+001
  2.0000000e+000  1.5344248e+001  7.1671498e+000
  2.0000000e+000 -1.4683199e+001  2.0005403e+001
  2.0000000e+000  4.5998774e-001 -1.6703055e+001
  2.0000000e+000  1.3355213e+001  6.0648889e+000
  2.0000000e+000 -1.4849201e+001  2.1779281e+001
  2.0000000e+000  1.6418767e+001 -3.7620886e+000
  2.0000000e+000  1.4925441e+001 -1.5093324e+000
  2.0000000e+000  3.2722065e+000  1.7621558e+001
  2.0000000e+000 -1.4314813e+001  2.0443145e+001
  2.0000000e+000  6.3051728e+000  1.2443789e+001
  2.0000000e+000 -1.0182910e+001 -1.9719703e+001
  2.0000000e+000 -2.9172153e+000 -1.8640030e+001
  2.0000000e+000  1.5002988e+001 -1.9159589e+000
  2.0000000e+000  6.4000622e+000 -1.4158575e+001
  2.0000000e+000 -1.9073743e+001 -2.2983575e+001
  2.0000000e+000  1.1141354e+001 -9.2365747e+000
  2.0000000e+000  1.6556236e+001 -3.3536579e-001
  2.0000000e+000  4.6198256e+000  1.6441545e+001
  2.0000000e+000 -6.5531486e+000  1.7778453e+001
  2.0000000e+000  7.4105334e+000  1.1958187e+001
  2.0000000e+000 -1.0054430e+001  1.9655783e+001
  2.0000000e+000  1.4126303e+001  3.5213319e+000
  2.0000000e+000  1.0512091e+001 -1.2277212e+001
  2.0000000e+000 -1.3988795e+001 -2.1904052e+001
  2.0000000e+000 -1.4437056e+001 -2.2924501e+001
  2.0000000e+000  1.5852780e+001  4.0079523e-001
  2.0000000e+000  4.4569774e+000  1.4121646e+001
  2.0000000e+000  9.1883206e+000  1.2569984e+001
  2.0000000e+000  5.1486299e+000 -1.2965671e+001
  2.0000000e+000 -1.2189746e+001  2.1395404e+001
  2.0000000e+000  1.3030979e+000  1.7334483e+001
  2.0000000e+000  1.3388645e+001 -2.1045482e+000
  2.0000000e+000  1.5419561e+001  4.8033078e-001
  2.0000000e+000  1.3080921e+001 -2.6239554e+000
  2.0000000e+000 -1.1429888e+001  2.0432388e+001
  2.0000000e+000 -1.5848178e+001  2.1703429e+001
  2.0000000e+000  1.3983100e+001 -4.9972150e+000
  2.0000000e+000  7.0335573e+000 -1.4616836e+001
  2.0000000e+000  1.5475943e+001 -4.0780536e+000
  2.0000000e+000 -1.3195816e+001 -2.0593134e+001
  2.0000000e+000 -1.6879533e+001 -2.1444439e+001
  2.0000000e+000 -8.3871150e+000 -1.9890799e+001
  2.0000000e+000  1.5403591e+001 -1.9982879e+000
  2.0000000e+000  1.2713176e+001  8.8582668e-001
  2.0000000e+000  1.4456992e+000  1.7980644e+001
  2.0000000e+000  1.2411818e+001  1.1177628e+001
  2.0000000e+000  1.0626434e+001 -7.6153783e+000
  2.0000000e+000  1.8078536e+000  1.6221101e+001
  2.0000000e+000  1.3327114e+001 -5.8169193e+000
  2.0000000e+000  1.4222276e+001  2.3355422e+000
  2.0000000e+000  6.7059852e+000 -1.1398655e+001
  2.0000000e+000  6.1478176e+000 -1.1932374e+001
  2.0000000e+000 -1.3846110e+001  1.8916030e+001
  2.0000000e+000  1.2680156e+001  7.6797506e-001
  2.0000000e+000  9.7641859e+000  1.0215075e+001
  2.0000000e+000  1.2526740e+001  2.9115766e+000
  2.0000000e+000 -1.7979638e+001 -2.0685028e+001
  2.0000000e+000  6.9941587e+000 -1.4710651e+001
  2.0000000e+000 -9.9583520e+000  2.0968207e+001
  2.0000000e+000  1.4733310e+001 -2.6934734e-001
  2.0000000e+000  5.6109394e+000  1.3050801e+001
  2.0000000e+000  1.1702120e+001  5.2273801e+000
  2.0000000e+000 -9.4814348e+000 -1.7701154e+001
  2.0000000e+000  1.1510341e+001 -9.8984188e+000
  2.0000000e+000 -1.1922286e+001  2.1015676e+001
  2.0000000e+000 -1.4573217e+001  2.1970481e+001
  2.0000000e+000 -5.4371724e+000 -1.8658106e+001
  2.0000000e+000  1.3367266e+001  5.7765559e-001
  2.0000000e+000 -1.6961678e+001 -2.2129721e+001
  2.0000000e+000 -8.5717621e+000  2.0743131e+001
  2.0000000e+000  1.1542301e+001 -3.9655105e+000
  2.0000000e+000  6.4658720e+000  1.4791150e+001
  2.0000000e+000  1.3544265e+001  8.9295335e+000
  2.0000000e+000 -1.3181228e+001 -2.1558237e+001
  2.0000000e+000  5.5467917e+000 -1.3906673e+001
  2.0000000e+000  1.9512255e+000 -1.8830147e+001
  2.0000000e+000  1.2738207e+001  5.4979872e+000
  2.0000000e+000  1.3321162e+001 -1.4653577e+000
  2.0000000e+000 -1.9675986e+000 -1.8997385e+001
  2.0000000e+000 -4.3793930e+000 -1.9108235e+001
  2.0000000e+000 -1.9478914e+000 -1.8849776e+001
  2.0000000e+000 -5.6816980e+000 -2.1096260e+001
  2.0000000e+000 -8.4847532e+000  2.2737312e+001
  2.0000000e+000  1.1270355e+001 -7.6106877e+000
  2.0000000e+000  7.9631879e+000 -1.3263045e+001
  2.0000000e+000 -7.5447582e+000 -2.0168810e+001
  2.0000000e+000 -6.0325053e-001 -1.9218654e+001
  2.0000000e+000  1.2410481e+001  4.9359379e+000
  2.0000000e+000 -9.7139776e-001  1.5538754e+001
  2.0000000e+000  1.3433343e+001 -4.3711545e+000
  2.0000000e+000  1.6621348e+001 -3.7318942e-003
  2.0000000e+000  1.2077974e+001 -3.8851670e+000
  2.0000000e+000  6.1247516e+000  1.3669446e+001
  2.0000000e+000 -7.4615071e+000 -1.6786980e+001
  2.0000000e+000  1.5405963e+001 -6.8522685e+000
  2.0000000e+000  1.3398458e+001 -1.0479771e+001
  2.0000000e+000 -3.3669716e+000  1.7440240e+001
  2.0000000e+000  7.8109693e+000  1.2025049e+001
  2.0000000e+000 -1.3266771e+001 -2.0120164e+001
  2.0000000e+000  1.2142916e+001 -4.9811421e+000
  2.0000000e+000 -1.6547249e+001 -2.1630614e+001
  2.0000000e+000  9.4351325e+000  1.0989238e+001
  2.0000000e+000 -1.8859045e+001  2.3243683e+001
