  1.0000000e+000 -3.8193445e-001  8.4842407e+000
  1.0000000e+000 -3.9128341e+000  3.5043812e+000
  1.0000000e+000  5.2680286e+000 -6.9501813e+000
  1.0000000e+000  1.0314411e+001  5.4332910e+000
  1.0000000e+000  2.9124605e+000  8.3722757e+000
  1.0000000e+000  8.7438508e+000 -6.3149307e+000
  1.0000000e+000  8.0313565e+000 -8.7706433e+000
  1.0000000e+000  8.3409053e+000 -6.1968992e+000
  1.0000000e+000 -1.8676290e+000  7.9092179e+000
  1.0000000e+000  2.1028418e+000  1.0699753e+001
  1.0000000e+000 -9.5554177e-001  8.8023859e+000
  1.0000000e+000  1.0019968e+000  8.9592646e+000
  1.0000000e+000  5.8679458e+000  5.8925585e-001
  1.0000000e+000  1.0148593e+001 -4.4493276e+000
  1.0000000e+000  1.1403418e+001  3.8782038e+000
  1.0000000e+000  5.7861154e-001 -1.0743138e+001
  1.0000000e+000 -2.4811641e+000  7.5211701e+000
  1.0000000e+000  1.1967013e+001  1.6878881e+000
  1.0000000e+000  9.6115062e+000  5.5498193e+000
  1.0000000e+000  1.0365443e+001 -5.9541543e+000
  1.0000000e+000 -5.2009730e+000  1.5734317e+000
  1.0000000e+000  3.5134567e+000 -1.0099060e+001
  1.0000000e+000  7.6578086e+000  8.6748043e+000
  1.0000000e+000 -1.1061551e+000 -7.7134906e+000
  1.0000000e+000  2.0273282e+000  8.9082537e+000
  1.0000000e+000 -4.2883783e+000  2.7821990e+000
  1.0000000e+000  1.1015896e+001 -9.2544422e-001
  1.0000000e+000  5.3796410e+000  9.8991882e+000
  1.0000000e+000 -4.9902844e+000 -4.0773046e-001
  1.0000000e+000 -3.8028843e+000 -2.4285076e+000
  1.0000000e+000  1.0194553e+001  1.1027901e+000
  1.0000000e+000  4.7377053e+000  9.6636390e+000
  1.0000000e+000  1.1227547e+001  5.6196010e-002
  1.0000000e+000  1.1523943e+001  4.2975103e+000
  1.0000000e+000  4.3998069e+000 -7.4174158e-001
  1.0000000e+000  8.1055801e+000 -4.4154939e+000
  1.0000000e+000  9.8369603e+000  4.0230536e+000
  1.0000000e+000  4.1471698e+000 -1.0620911e+000
  1.0000000e+000 -3.4516620e+000  2.9987389e+000
  1.0000000e+000  4.4274459e+000  1.8718978e+000
  1.0000000e+000  1.0151229e+001  2.4803004e+000
  1.0000000e+000  1.1232110e+001 -1.6184971e+000
  1.0000000e+000  2.9414929e+000  1.0036099e+001
  1.0000000e+000 -1.9461120e+000 -8.3080189e+000
  1.0000000e+000  6.3754906e+000 -6.5726073e+000
  1.0000000e+000  3.4401041e-001  9.1851572e+000
  1.0000000e+000  3.6297744e+000 -1.7660452e+000
  1.0000000e+000  1.8978769e+000 -9.5221385e+000
  1.0000000e+000  1.1604748e+001  2.6053095e+000
  1.0000000e+000  2.7803482e+000 -2.6389139e+000
  1.0000000e+000 -6.2698197e+000  7.2980414e-001
  1.0000000e+000  1.2212725e+001  8.5180151e-001
  1.0000000e+000 -1.9130270e+000  7.7164042e+000
  1.0000000e+000  9.3504772e+000  4.8632647e+000
  1.0000000e+000  8.7973766e+000 -3.8301932e+000
  1.0000000e+000  9.0222387e+000  3.5913067e+000
  1.0000000e+000 -1.0010487e+000 -9.9940373e+000
  1.0000000e+000  1.8062163e+000  9.8537202e+000
  1.0000000e+000 -7.9692005e-001 -2.5736453e+000
  1.0000000e+000 -8.5294799e-001 -2.0555364e+000
  1.0000000e+000  1.1040268e+001  1.3031854e+000
  1.0000000e+000  4.3582414e+000  9.5825925e+000
  1.0000000e+000  8.3526572e+000  6.1610724e+000
  1.0000000e+000  8.7853804e+000  4.1057223e+000
  1.0000000e+000 -1.0525293e+000 -2.3300097e+000
  1.0000000e+000  2.6457135e+000  8.5113255e+000
  1.0000000e+000  2.4561186e+000  1.0333678e+001
  1.0000000e+000 -1.4689657e-001 -4.5740716e+000
  1.0000000e+000  4.3882151e+000 -9.6904014e-001
  1.0000000e+000  1.0179626e+001  1.8171679e+000
  1.0000000e+000  8.6003776e+000 -6.6267303e+000
  1.0000000e+000  3.0564100e+000 -3.3853206e+000
  1.0000000e+000  1.7077601e+000  7.9448329e+000
  1.0000000e+000 -4.1577108e+000 -1.9551948e+000
  1.0000000e+000 -5.4035303e+000 -9.6774761e+000
  1.0000000e+000 -4.3913747e+000  4.2002765e+000
  1.0000000e+000  4.7321378e+000  1.0580796e+001
  1.0000000e+000  5.7654943e+000 -7.4923105e+000
  1.0000000e+000  3.8723201e+000  8.6951567e+000
  1.0000000e+000  4.5210152e+000  1.0187744e+001
  1.0000000e+000 -5.2914475e-001  9.6604911e+000
  1.0000000e+000  8.0845172e+000 -6.5333752e+000
  1.0000000e+000 -5.8172096e+000  3.7711414e+000
  1.0000000e+000  9.5963293e+000 -2.7569244e+000
  1.0000000e+000  5.1330199e+000  9.2121313e+000
  1.0000000e+000  6.1054494e+000 -7.3763443e+000
  1.0000000e+000  9.7103684e+000  4.4371132e+000
  1.0000000e+000 -4.2298330e+000  2.8905809e+000
  1.0000000e+000  2.9328414e+000 -1.7050810e+000
  1.0000000e+000  1.6620223e+000 -9.8087907e+000
  1.0000000e+000 -8.2389116e-001 -2.1447023e+000
  1.0000000e+000  8.9050200e+000  6.6276561e+000
  1.0000000e+000  4.8120731e+000 -1.4050219e+000
  1.0000000e+000  1.0582489e+001  3.9309243e+000
  1.0000000e+000  9.7985231e+000  1.5358885e-002
  1.0000000e+000 -2.0273807e+000 -2.5261650e+000
  1.0000000e+000  7.7014648e+000  6.3442681e+000
  1.0000000e+000  3.8050249e+000  1.9395251e+000
  1.0000000e+000  1.1729533e+001 -1.0448062e+000
  1.0000000e+000  8.4976940e+000  5.8654348e+000
  1.0000000e+000 -2.3937447e+000 -7.9037965e+000
  1.0000000e+000 -1.7127805e-001 -2.2725209e+000
  1.0000000e+000  4.2813756e+000 -1.0995144e+000
  1.0000000e+000  9.6632701e+000  2.7374717e+000
  1.0000000e+000  4.8322345e+000  1.4356660e+000
  1.0000000e+000  8.1469892e+000  7.2742623e+000
  1.0000000e+000  8.1085922e+000  7.2374672e+000
  1.0000000e+000  6.5849631e+000  7.3809763e+000
  1.0000000e+000  7.3574261e+000  6.2127160e+000
  1.0000000e+000  1.1353056e+001  4.8362366e+000
  1.0000000e+000 -3.4039015e+000 -9.5832595e+000
  1.0000000e+000  2.2031857e+000 -8.2536476e+000
  1.0000000e+000 -1.1765278e+000 -2.6353998e+000
  1.0000000e+000  1.1251794e+000  8.7367927e+000
  1.0000000e+000  1.1193618e+001  6.3751415e-002
  1.0000000e+000  7.3593188e+000  8.7289549e+000
  1.0000000e+000  6.1166479e+000 -6.0105118e-001
  1.0000000e+000  1.0400685e+000 -9.6094176e+000
  1.0000000e+000  1.0647114e+001  1.2191938e+000
  1.0000000e+000  2.4526914e+000  8.6719371e+000
  1.0000000e+000  4.4358367e+000  8.9163932e+000
  1.0000000e+000  1.0763370e+001  1.5398743e-001
  1.0000000e+000 -7.7380410e-001  7.8271601e+000
  1.0000000e+000 -3.6880596e+000  6.8999102e+000
  1.0000000e+000  3.7418343e+000 -1.2921933e+000
  1.0000000e+000 -2.8642262e+000  6.3056221e+000
  1.0000000e+000 -4.0460586e+000  5.3370725e+000
  1.0000000e+000  1.1710325e+001  4.8706640e+000
  1.0000000e+000 -4.3246112e+000  1.7303364e+000
  1.0000000e+000  4.6457996e+000  2.7948306e+000
  1.0000000e+000 -1.7165762e-001 -1.9192315e+000
  1.0000000e+000  7.1716783e+000  8.5209175e+000
  1.0000000e+000  9.3325105e+000 -4.7524164e+000
  1.0000000e+000  8.8846228e+000 -3.2173828e+000
  1.0000000e+000  7.9082589e+000 -7.1076962e+000
  1.0000000e+000  1.8352821e+000 -1.0127047e+001
  1.0000000e+000  5.2012319e+000 -7.7643274e+000
  1.0000000e+000 -3.4715013e+000  1.4808769e+000
  1.0000000e+000 -3.5995028e+000  3.0727011e+000
  1.0000000e+000  6.9666823e+000  8.8257746e+000
  1.0000000e+000 -5.9302952e+000  4.8137424e-001
  1.0000000e+000 -5.9939495e+000  5.1158168e+000
  1.0000000e+000 -4.9399497e+000  1.1510034e+000
  1.0000000e+000  1.2762176e+000 -3.7358157e+000
  1.0000000e+000  9.3353674e-001 -3.6427481e+000
  1.0000000e+000  1.3574525e+000 -9.0660534e+000
  1.0000000e+000 -3.5519020e+000 -2.1571643e+000
  1.0000000e+000  2.3679251e+000  9.1154122e+000
  1.0000000e+000 -2.2413160e+000 -1.0213293e+001
  1.0000000e+000 -4.6521692e+000  7.3889504e+000
  1.0000000e+000 -5.1928795e+000  3.9821593e+000
  1.0000000e+000  2.8437783e+000 -8.2700889e+000
  1.0000000e+000 -2.1174458e+000 -8.5367883e+000
  1.0000000e+000  3.9404359e+000  1.4891207e+000
  1.0000000e+000 -1.2498221e+000 -2.1804469e+000
  1.0000000e+000 -1.6134830e+000  7.0831944e+000
  1.0000000e+000 -3.4686656e+000  1.4164061e+000
  1.0000000e+000  1.0523392e+001 -1.5982072e+000
  1.0000000e+000 -3.6107549e+000 -2.6549277e+000
  1.0000000e+000 -5.6113098e+000  4.3331278e+000
  1.0000000e+000  1.1430768e+001  1.9739219e+000
  1.0000000e+000  1.0375279e+001  3.6487812e-001
  1.0000000e+000 -4.3824811e+000 -1.2855897e+000
  1.0000000e+000  7.5266418e+000 -7.5006266e+000
  1.0000000e+000  1.2112521e+001  3.7648512e+000
  1.0000000e+000  2.9917472e+000  2.8828697e-001
  1.0000000e+000  2.7915272e+000 -3.5498809e+000
  1.0000000e+000 -1.2906218e+000 -9.1880122e+000
  1.0000000e+000 -2.4917998e+000  5.8609757e+000
  1.0000000e+000  1.0104411e+001  3.7236333e+000
  1.0000000e+000  6.8272190e+000 -6.1416136e+000
  1.0000000e+000  4.7311525e+000 -7.2629425e+000
  1.0000000e+000 -3.7578612e+000  5.6273258e+000
  1.0000000e+000  1.0845347e+001 -2.8947246e+000
  1.0000000e+000  1.0802877e+001  7.1382140e+000
  1.0000000e+000 -4.1831773e+000 -1.3490320e+000
  1.0000000e+000 -3.3022854e+000  5.7359761e-001
  1.0000000e+000 -3.9663694e+000 -1.9448934e+000
  1.0000000e+000  3.1478172e+000  1.0669998e+001
  1.0000000e+000  2.7506181e+000  1.0903872e+001
  1.0000000e+000 -4.1386133e+000  6.6316796e+000
  1.0000000e+000  3.3196485e+000  7.9781050e+000
  1.0000000e+000  9.2229111e+000 -5.3168323e+000
  1.0000000e+000  6.6632194e+000 -8.9522402e+000
  1.0000000e+000 -6.9833910e-001  1.0116311e+001
  1.0000000e+000 -9.7381865e-001 -1.9120581e+000
  1.0000000e+000  6.0436143e+000  2.1059454e+000
  1.0000000e+000  9.0506403e+000 -5.2204304e+000
  1.0000000e+000  2.8014611e+000  1.0519193e+001
  1.0000000e+000  2.6717506e+000  1.0417644e+001
  1.0000000e+000 -2.9138062e+000  9.2485762e+000
  1.0000000e+000  2.1901974e+000 -9.3014490e+000
  1.0000000e+000  8.6842172e+000  6.5836608e+000
  1.0000000e+000  2.9458741e+000  1.0567069e+001
  1.0000000e+000  2.7897114e+000  9.0610350e+000
  1.0000000e+000  2.3445040e+000  8.0793612e+000
  1.0000000e+000  7.3269784e+000 -6.2565041e+000
  1.0000000e+000  3.0257084e+000 -6.0712886e-001
  1.0000000e+000 -1.1184067e+000 -3.8505231e+000
  1.0000000e+000 -3.6811434e+000  6.2311107e+000
  1.0000000e+000  9.4922019e+000  4.7212619e+000
  1.0000000e+000 -1.8868939e+000  9.6473251e+000
  1.0000000e+000 -3.5380310e+000  8.2658941e-001
  1.0000000e+000  1.0148801e+001 -3.2251182e+000
  1.0000000e+000 -5.5583112e+000  2.1609477e+000
  1.0000000e+000  7.9514267e+000 -8.0972239e+000
  1.0000000e+000  1.0722001e+001  1.7927440e+000
  1.0000000e+000  1.1658642e+001 -3.6829031e+000
  1.0000000e+000  1.0085615e+001  1.8058667e+000
  1.0000000e+000 -2.7703146e+000 -3.5356953e+000
  1.0000000e+000 -5.2305386e+000  4.8624488e+000
  1.0000000e+000  2.4960173e+000  1.0800791e+001
  1.0000000e+000  7.5350008e+000 -8.1011515e+000
  1.0000000e+000  2.5108457e+000  4.1556921e+000
  1.0000000e+000  4.3261074e+000  8.4360353e+000
  1.0000000e+000  7.9238633e+000  7.0850504e+000
  1.0000000e+000  9.2188294e+000  4.8876002e+000
  1.0000000e+000  5.6594846e+000  8.4405583e+000
  1.0000000e+000 -3.1333357e+000  3.8534002e+000
  1.0000000e+000  1.1142737e+000  9.6208060e+000
  1.0000000e+000  4.2792734e+000 -9.1664483e+000
  1.0000000e+000  4.7511537e+000  7.6550039e+000
  1.0000000e+000  1.0096072e+001 -5.6018740e+000
  1.0000000e+000  1.0270581e+001  2.9838311e+000
  1.0000000e+000 -1.3903803e+000  7.5959719e+000
  1.0000000e+000 -8.9685699e-001  1.0315237e+001
  1.0000000e+000 -2.5583704e+000 -9.8256639e+000
  1.0000000e+000  6.7577581e+000 -6.2987578e+000
  1.0000000e+000  4.7164667e+000  8.4602815e+000
  1.0000000e+000  3.8866154e+000 -9.2173991e+000
  1.0000000e+000 -2.6056475e+000  6.5640323e+000
  1.0000000e+000  3.8483814e+000 -3.9575773e+000
  1.0000000e+000  9.6743581e+000 -2.8887102e+000
  1.0000000e+000  2.8066248e+000  3.6273619e+000
  1.0000000e+000  1.0051056e+001  5.9657042e-002
  1.0000000e+000 -1.9978974e+000  8.6541776e+000
  1.0000000e+000 -2.6593841e+000  8.0249979e+000
  1.0000000e+000  2.1218671e+000  8.2352533e+000
  1.0000000e+000 -5.8431725e+000  3.1509003e+000
  1.0000000e+000  4.7637534e+000 -8.3680213e+000
  1.0000000e+000  8.7203988e+000 -3.7780222e+000
  1.0000000e+000 -3.3838926e+000  3.2359110e+000
  1.0000000e+000  9.4659399e+000  6.9356988e+000
  1.0000000e+000  9.1727037e+000 -1.6346345e+000
  1.0000000e+000 -3.2084550e+000  5.7905280e+000
  1.0000000e+000  2.3871451e+000 -9.1387949e+000
  1.0000000e+000  5.1124110e+000 -8.7436912e+000
  1.0000000e+000  9.9614069e+000 -3.2937257e+000
  1.0000000e+000  1.3162375e+000 -4.4337112e+000
  1.0000000e+000  2.5721639e+000  9.7374714e+000
  1.0000000e+000  1.2044209e+001 -1.0596708e+000
  1.0000000e+000 -4.8653169e+000  4.3034015e+000
  1.0000000e+000  6.3443831e+000 -9.5718848e+000
  1.0000000e+000  8.6188059e+000  8.4639621e+000
  1.0000000e+000 -5.0905864e+000 -8.7583707e+000
  1.0000000e+000 -3.6569927e+000 -1.4458293e+000
  1.0000000e+000 -2.2856246e+000 -3.5194864e+000
  1.0000000e+000  5.2554299e+000  2.0327054e+000
  1.0000000e+000  1.1162126e+001  4.8313912e+000
  1.0000000e+000  5.7281429e+000 -8.8657943e+000
  1.0000000e+000  5.4576674e+000  7.6854016e-001
  1.0000000e+000 -5.8148479e+000  4.8496915e+000
  1.0000000e+000 -1.6532282e+000  8.8010397e+000
  1.0000000e+000  1.0234693e+001 -2.1858401e+000
  1.0000000e+000  2.2388428e+000 -1.0020327e+001
  1.0000000e+000 -2.1852527e+000  8.5178788e+000
  1.0000000e+000 -5.1872180e-001 -8.4555729e+000
  1.0000000e+000 -3.1743747e+000 -7.4732280e+000
  1.0000000e+000  7.7199771e+000  9.4238633e+000
  1.0000000e+000  8.3987420e+000  7.5525991e+000
  1.0000000e+000  8.9619033e+000 -1.6591235e+000
  1.0000000e+000  9.9632040e+000 -1.0408702e+000
  1.0000000e+000  1.0112291e+001  3.1633494e+000
  1.0000000e+000  1.4364278e+000  8.3930008e+000
  1.0000000e+000  1.3616413e+000  8.3796048e+000
  1.0000000e+000  9.9863142e+000 -2.7475089e+000
  1.0000000e+000 -2.1830094e-001  9.4840522e+000
  1.0000000e+000  1.6751175e+000 -8.0378261e+000
  1.0000000e+000  4.2245844e+000  2.3893879e+000
  1.0000000e+000  5.4028258e+000  2.0817059e+000
  1.0000000e+000 -2.0973333e+000  7.5301021e+000
  1.0000000e+000  1.1386391e+001 -2.7752076e+000
  1.0000000e+000 -3.2305964e+000 -1.0094119e+001
  1.0000000e+000  5.7737543e+000 -6.4649776e+000
  1.0000000e+000  1.1778248e+001  2.7302314e+000
  1.0000000e+000  9.5067711e+000 -3.0764862e+000
  1.0000000e+000 -2.8188605e+000 -8.7193268e+000
  1.0000000e+000 -3.1526820e+000  3.5798313e+000
  1.0000000e+000  1.1878121e+000 -2.4259575e+000
  1.0000000e+000 -1.9645950e+000 -9.2599607e-001
  1.0000000e+000  1.0287295e+000  7.6627118e+000
  1.0000000e+000  3.7153557e+000 -7.8400322e+000
  1.0000000e+000 -4.3769512e+000  5.6477645e+000
  1.0000000e+000  9.0269364e+000  3.5579505e+000
  1.0000000e+000  2.1923432e+000 -4.0038053e+000
  1.0000000e+000 -2.5861736e+000  8.3290710e+000
  1.0000000e+000  5.3620833e+000 -2.3958536e+000
  1.0000000e+000  1.0762209e+001  4.5816549e-001
  1.0000000e+000  1.0635252e+001  3.4045343e+000
  1.0000000e+000  7.4033646e+000  9.6793409e+000
  1.0000000e+000 -3.6141574e+000  9.6076025e-001
  1.0000000e+000  8.6744268e+000  5.3572165e+000
  1.0000000e+000  5.8413329e+000  9.3852854e-001
  1.0000000e+000  1.0152382e+000 -8.7174087e+000
  1.0000000e+000  2.6841113e+000 -1.5542749e+000
  1.0000000e+000  7.1469935e+000 -6.3726007e+000
  1.0000000e+000 -2.1436874e+000 -9.1319806e+000
  1.0000000e+000  9.7796693e+000 -6.7321649e+000
  1.0000000e+000 -2.9823565e+000  8.1205808e+000
  1.0000000e+000  1.0383906e+001 -5.4630978e+000
  1.0000000e+000 -7.0352121e-001  9.8038644e+000
  1.0000000e+000  3.0077813e+000 -8.4955904e+000
  1.0000000e+000  7.5931530e+000 -6.0901257e+000
  1.0000000e+000  2.5725865e+000  8.3939326e+000
  1.0000000e+000  5.5117589e+000  3.2776201e-001
  1.0000000e+000 -5.3768509e+000  1.6889103e+000
  1.0000000e+000  4.9080371e+000 -8.5203391e+000
  1.0000000e+000  1.5656292e+000 -1.0348699e+001
  1.0000000e+000  1.2560926e+000 -1.0311770e+001
  1.0000000e+000  9.4859509e-001  9.0585580e+000
  1.0000000e+000 -2.6427192e+000  8.9174358e+000
  1.0000000e+000  1.1610795e+001 -1.0902705e+000
  1.0000000e+000  4.1436102e+000 -3.6710711e+000
  1.0000000e+000  2.3698517e+000  9.2416905e+000
  1.0000000e+000  4.9213686e+000 -7.6735582e+000
  1.0000000e+000  2.9457284e+000 -1.7392027e+000
  1.0000000e+000 -5.3102157e+000  1.1420359e+000
  1.0000000e+000  3.3961227e+000 -8.0719865e+000
  1.0000000e+000  5.5101233e+000 -7.9481204e+000
  1.0000000e+000  1.0477487e+001  3.9310961e+000
  1.0000000e+000  3.8942169e+000 -1.6327809e+000
  1.0000000e+000  4.0307219e-001  1.0383969e+001
  1.0000000e+000  4.8338186e+000  3.9057147e-001
  1.0000000e+000  1.9854192e+000  8.5076686e+000
  1.0000000e+000 -5.2594842e+000  3.6934614e+000
  1.0000000e+000  8.0652146e+000  6.9592039e+000
  1.0000000e+000 -3.0643382e+000 -9.2636340e+000
  1.0000000e+000  1.1419185e+001  2.1972894e+000
  1.0000000e+000  2.8893744e+000 -1.7696933e+000
  1.0000000e+000 -3.3115725e+000 -1.9732482e+000
  1.0000000e+000 -2.7792607e+000 -1.2729673e+000
  1.0000000e+000 -3.3299397e+000 -3.3215681e+000
  1.0000000e+000  3.8510685e-001 -1.0186158e+001
  1.0000000e+000 -5.2046185e-002 -4.1993776e+000
  1.0000000e+000 -5.3121232e+000  6.4098368e-001
  1.0000000e+000  8.1760977e+000  6.4059351e+000
  1.0000000e+000  9.4925936e+000 -6.6079055e+000
  1.0000000e+000  1.7067688e+000  9.2490503e+000
  1.0000000e+000  9.4386278e+000  3.1431891e+000
  1.0000000e+000  4.2501683e+000  2.6088076e-002
  1.0000000e+000  2.5036477e+000  1.0610409e+001
  1.0000000e+000 -3.2333675e+000  4.9382029e+000
  1.0000000e+000  7.7384630e+000  7.4557229e+000
  1.0000000e+000 -3.7829582e+000 -9.7471735e+000
  1.0000000e+000 -5.6916693e+000  5.0399552e+000
  1.0000000e+000  5.8915636e+000 -5.9593428e+000
  1.0000000e+000  1.9504362e+000  8.6968233e+000
  1.0000000e+000  1.0599056e+001 -3.3926374e+000
  1.0000000e+000 -2.1595830e+000  9.2259886e+000
  1.0000000e+000  1.7226066e+000  4.0585882e+000
  1.0000000e+000 -5.0803703e+000  2.0786184e+000
  1.0000000e+000  1.1642383e+001 -3.1161408e+000
  1.0000000e+000  1.1104768e+000 -1.0823888e+001
  1.0000000e+000 -2.1560014e+000 -9.4392406e+000
  1.0000000e+000  3.3967052e+000  2.7254645e+000
  1.0000000e+000  7.1080101e+000 -6.6823232e+000
  1.0000000e+000  8.8810969e-001 -4.1662639e+000
  1.0000000e+000 -2.4973341e-001  8.5787990e+000
  1.0000000e+000  9.9268033e+000 -3.7820239e+000
  1.0000000e+000  3.2609593e-001 -4.5603829e+000
  1.0000000e+000  7.3750127e+000  7.6843434e+000
  1.0000000e+000 -5.2790147e+000  1.7370249e+000
  1.0000000e+000  8.7948589e+000 -4.1713757e+000
  1.0000000e+000  9.8701533e+000 -1.9328450e+000
  1.0000000e+000  6.7515978e+000  8.2107622e+000
  1.0000000e+000  5.4786322e+000  9.3994852e+000
  1.0000000e+000  9.2858010e+000  5.3101112e+000
  1.0000000e+000  4.5373441e+000 -1.9011934e+000
  1.0000000e+000  4.1685914e+000 -8.9977136e+000
  1.0000000e+000 -2.4273829e-001  9.2426119e+000
  1.0000000e+000 -4.3247965e+000  6.8554611e+000
  1.0000000e+000 -3.6471960e+000 -9.3308709e+000
  1.0000000e+000  1.8553775e-001  8.2757965e+000
  1.0000000e+000  9.4817951e+000  2.2615852e+000
  1.0000000e+000  3.8398171e+000  1.0040331e+001
  1.0000000e+000  1.1669624e+001 -3.9079960e+000
  1.0000000e+000  1.0167726e+001  4.9446027e+000
  1.0000000e+000  9.5989987e+000  2.6325353e+000
  1.0000000e+000  7.7063564e+000 -6.9387998e+000
  1.0000000e+000  8.8431268e+000 -5.2067082e+000
  1.0000000e+000  3.4562613e+000 -3.7451012e+000
  1.0000000e+000  9.9678174e+000  4.5602240e+000
  1.0000000e+000  6.2879727e+000  9.2169055e+000
  1.0000000e+000  7.0984878e+000  7.7692900e+000
  1.0000000e+000  3.7452399e+000 -1.0108397e+001
  1.0000000e+000  3.9728648e+000  6.0363998e-001
  1.0000000e+000 -4.0507968e+000 -9.4786183e+000
  1.0000000e+000 -5.8629142e+000  1.1538465e-001
  1.0000000e+000  2.3289812e+000 -1.0247467e+001
  1.0000000e+000  5.2731476e+000  7.5487522e+000
  1.0000000e+000  1.0288302e+001  5.5300217e+000
  1.0000000e+000  3.7716597e+000 -7.2684503e+000
  1.0000000e+000  8.8594540e+000  7.8580602e+000
  1.0000000e+000  3.8806979e+000  8.1920695e+000
  1.0000000e+000 -3.7182697e+000  5.8632841e+000
  1.0000000e+000 -3.8797518e+000  3.3213173e+000
  1.0000000e+000  9.5166009e+000  6.3050046e+000
  1.0000000e+000  1.3062545e-001  1.0047131e+001
  1.0000000e+000  2.8140155e+000 -2.9695827e+000
  1.0000000e+000  4.4748617e+000  8.0549570e+000
  1.0000000e+000  1.6332904e+000 -9.4267506e+000
  1.0000000e+000 -5.6433435e-001  9.4337167e+000
  1.0000000e+000  1.1176753e+001  4.2582109e+000
  1.0000000e+000 -4.7276712e-001 -3.3944009e+000
  1.0000000e+000  1.1516969e+000 -1.9627202e+000
  1.0000000e+000  5.1451552e+000  9.8181147e+000
  1.0000000e+000  7.0676038e+000 -7.0435231e+000
  1.0000000e+000  7.3785402e+000  7.9509613e+000
  1.0000000e+000  1.1930677e+001  1.1412445e+000
  1.0000000e+000 -3.4430677e+000  5.7620326e+000
  1.0000000e+000 -1.6574769e+000 -9.1263542e+000
  1.0000000e+000 -1.8266773e+000 -1.0329760e+001
  1.0000000e+000 -2.8912183e+000 -3.1792273e+000
  1.0000000e+000  2.2770388e+000 -1.7988965e+000
  1.0000000e+000 -3.7061871e+000  6.3525343e+000
  1.0000000e+000  9.8412221e+000 -3.8539411e+000
  1.0000000e+000 -1.5150519e-001 -9.8800157e+000
  1.0000000e+000 -3.9262199e+000 -8.7990840e+000
  1.0000000e+000  5.1683532e+000  8.6683232e+000
  1.0000000e+000 -5.3844431e+000  5.0837311e+000
  1.0000000e+000  5.3039223e+000 -1.1089625e+000
  1.0000000e+000  1.0174937e+001  6.2961538e+000
  1.0000000e+000  9.5467218e+000  5.5516513e+000
  1.0000000e+000  5.0562238e+000  7.7564712e+000
  1.0000000e+000 -3.9859716e+000  5.9950772e+000
  1.0000000e+000 -9.2867000e-001 -3.1049356e+000
  1.0000000e+000  6.4450860e+000  9.9405480e+000
  1.0000000e+000  3.9859236e+000 -7.7781071e+000
  1.0000000e+000  1.0982944e+001 -2.1456671e+000
  1.0000000e+000  1.0780200e+001  3.4956268e+000
  1.0000000e+000  1.0994855e+001 -3.0270946e+000
  1.0000000e+000  1.1304525e+001  3.1403679e+000
  1.0000000e+000  3.8144461e+000  8.7663872e+000
  1.0000000e+000  8.2034305e+000  6.6226542e+000
  1.0000000e+000  1.1453634e+001 -1.8200764e+000
  1.0000000e+000 -4.3941216e+000  2.5038632e-001
  1.0000000e+000  1.1444048e+001 -8.2488429e-001
  1.0000000e+000  7.1346616e+000 -8.8919300e+000
  1.0000000e+000  4.2091254e+000  3.4921173e+000
  1.0000000e+000  6.2045257e+000  9.2420064e+000
  1.0000000e+000 -4.0070946e+000 -7.4924580e+000
  1.0000000e+000  5.6021373e+000  9.0379546e+000
  1.0000000e+000  1.0080422e+001  6.5175836e-001
  1.0000000e+000  5.6472386e+000 -7.8198640e+000
  1.0000000e+000  1.1464880e+001 -1.5697841e+000
  1.0000000e+000 -3.6965961e-001  1.0189509e+001
  1.0000000e+000  1.0711418e+001  3.0600926e+000
  1.0000000e+000  3.3217604e+000  2.1456499e+000
  1.0000000e+000 -4.8875454e-001  1.0459393e+001
  1.0000000e+000  7.0122029e+000 -8.0644537e+000
  1.0000000e+000 -3.5499015e+000  2.7592385e+000
  1.0000000e+000  2.7578183e+000 -1.0877180e+001
  1.0000000e+000 -3.3364540e+000  5.4328633e+000
  1.0000000e+000  4.4545082e+000  1.9070938e+000
  1.0000000e+000  9.1188359e-001  9.2682766e+000
  1.0000000e+000  8.3156752e+000  7.7552347e+000
  1.0000000e+000 -3.3269278e+000 -1.7831205e+000
  1.0000000e+000  9.4610705e+000  5.6407678e+000
  1.0000000e+000  1.0194918e+001 -1.8778295e+000
  1.0000000e+000  1.0181709e+001 -3.5440434e+000
  1.0000000e+000  1.1266614e+001 -1.3615077e+000
  1.0000000e+000  1.0822724e+001  3.1297590e+000
  1.0000000e+000 -2.5639157e+000 -9.6374424e+000
  1.0000000e+000 -5.4922001e+000  4.9246044e+000
  1.0000000e+000  4.4060054e+000  3.9958597e+000
  1.0000000e+000  1.1281360e+001 -1.1185105e+000
  1.0000000e+000  4.1968607e+000  7.9819396e+000
  1.0000000e+000 -2.1472352e+000 -3.5828952e+000
  1.0000000e+000  6.0852487e+000  8.9300866e+000
  1.0000000e+000  5.4002179e+000 -7.3937243e+000
  1.0000000e+000 -5.1759322e+000  1.7148405e+000
  1.0000000e+000  4.4565050e+000  2.8506555e+000
  1.0000000e+000 -2.4817912e+000  5.2837290e+000
  1.0000000e+000  7.3347202e+000 -7.9585711e+000
  1.0000000e+000 -4.4586417e+000  2.4343490e+000
  1.0000000e+000  3.8958654e+000 -9.5022454e+000
  1.0000000e+000 -5.8903387e+000  3.0277262e+000
  1.0000000e+000  9.6578159e+000 -4.4547593e+000
  1.0000000e+000  6.0459822e+000  1.9958125e-001
  1.0000000e+000 -4.4810507e+000 -5.6947170e-001
  1.0000000e+000 -3.2813008e+000  4.4030676e+000
  1.0000000e+000 -3.8236578e+000 -3.6858269e+000
  1.0000000e+000  9.6076219e+000 -2.7846416e+000
  1.0000000e+000  7.7356997e+000  7.7591490e+000
  1.0000000e+000 -1.5786526e-001 -9.2586194e+000
  1.0000000e+000  8.2855334e+000  7.9895970e+000
  1.0000000e+000  3.2648103e+000 -1.0000638e+001
  1.0000000e+000  9.0771421e+000 -3.2041087e+000
  1.0000000e+000 -5.8495684e+000  1.2248810e+000
  1.0000000e+000  1.0264597e+001 -2.6652934e+000
  2.0000000e+000 -7.6107369e+000  5.3858484e+000
  2.0000000e+000  5.6663834e+000 -4.6478406e+000
  2.0000000e+000  6.1448018e+000 -3.9111212e+000
  2.0000000e+000  1.8667476e+000  1.3053173e+001
  2.0000000e+000  5.0415338e+000 -6.3050029e+000
  2.0000000e+000  6.4831317e+000 -1.6445745e+000
  2.0000000e+000 -6.4208872e+000  5.9457785e+000
  2.0000000e+000 -7.0593218e+000  1.8414686e-001
  2.0000000e+000  7.8736277e+000 -2.8846806e+000
  2.0000000e+000 -5.6382077e+000  7.9708027e+000
  2.0000000e+000 -5.3899429e+000  6.4348525e+000
  2.0000000e+000 -9.2384734e-001  5.1295722e+000
  2.0000000e+000 -1.7346935e-002 -7.7316693e+000
  2.0000000e+000 -1.9758615e+000  1.2784006e+001
  2.0000000e+000 -6.5532197e+000  8.1701255e+000
  2.0000000e+000  8.4198997e+000  3.9149582e+000
  2.0000000e+000  7.2979963e+000  1.3047019e+001
  2.0000000e+000 -8.9473552e+000  2.1076490e+000
  2.0000000e+000  6.9700405e-001  1.3015777e+001
  2.0000000e+000  5.7780117e+000  6.1106599e+000
  2.0000000e+000 -7.8786268e+000  5.0516220e+000
  2.0000000e+000 -7.9023172e+000 -1.0337542e-001
  2.0000000e+000  4.9633584e+000  6.0128894e+000
  2.0000000e+000 -4.9655710e+000 -4.2220792e+000
  2.0000000e+000  7.3904730e+000  2.9678913e+000
  2.0000000e+000 -7.2587342e+000  9.5203282e+000
  2.0000000e+000  5.7502593e+000 -3.8238238e+000
  2.0000000e+000  3.8116650e+000  1.3165924e+001
  2.0000000e+000 -1.7625852e+000  1.1880082e+001
  2.0000000e+000  7.2439925e+000  2.6867906e+000
  2.0000000e+000  7.5795836e+000  3.1922085e+000
  2.0000000e+000  5.0260119e+000  1.3758151e+001
  2.0000000e+000 -1.7045405e+000  3.0590532e+000
  2.0000000e+000 -2.8285741e+000  1.0774251e+001
  2.0000000e+000 -3.0237858e-001  1.2424507e+000
  2.0000000e+000 -9.1317134e-001  5.0954352e+000
  2.0000000e+000 -8.1479757e+000  7.8475317e+000
  2.0000000e+000  7.1313433e+000  1.1182590e+001
  2.0000000e+000 -6.8563299e+000 -1.3264963e+000
  2.0000000e+000 -2.4948951e+000  3.6986824e+000
  2.0000000e+000 -6.5917082e+000  2.0929528e+000
  2.0000000e+000  4.8986839e+000 -5.2639287e+000
  2.0000000e+000  8.6132337e+000  4.1140441e+000
  2.0000000e+000  7.6268774e-001  4.9019678e+000
  2.0000000e+000 -6.8989800e+000 -3.7920840e+000
  2.0000000e+000 -1.4897948e+000  4.7064113e-001
  2.0000000e+000 -9.3762666e-002  4.7993834e+000
  2.0000000e+000  7.4447189e+000 -9.3810499e-001
  2.0000000e+000  7.3558106e+000  1.0379777e+001
  2.0000000e+000  3.5813555e+000 -5.4540872e+000
  2.0000000e+000 -6.6875794e+000  3.5400161e-001
  2.0000000e+000 -6.7482130e+000 -1.1570144e+000
  2.0000000e+000  3.8456789e+000 -5.2601645e+000
  2.0000000e+000 -6.5797223e+000  2.7960753e+000
  2.0000000e+000  5.6461632e+000  5.7997497e+000
  2.0000000e+000 -6.4693397e+000  2.2903496e+000
  2.0000000e+000 -7.7888734e+000  8.0081316e+000
  2.0000000e+000  8.9637635e+000 -2.4743249e+000
  2.0000000e+000 -1.7854248e+000 -7.0338520e+000
  2.0000000e+000 -8.8900199e-001  1.0349699e+001
  2.0000000e+000 -4.5191569e+000 -4.0444907e+000
  2.0000000e+000 -3.0636247e+000  1.1224604e+001
  2.0000000e+000 -7.7351537e+000  5.2734698e+000
  2.0000000e+000  5.9813259e+000  3.2048542e+000
  2.0000000e+000 -2.7211630e+000  3.2750888e+000
  2.0000000e+000 -3.4070282e+000  1.1022578e+001
  2.0000000e+000  1.3335922e+000  5.8795275e+000
  2.0000000e+000 -4.1513485e+000 -4.9691985e+000
  2.0000000e+000  4.4844566e+000  3.9855473e+000
  2.0000000e+000  5.4054250e+000 -3.1642242e+000
  2.0000000e+000  1.2984538e+000  7.1200706e+000
  2.0000000e+000  5.8450101e+000  1.1018929e+001
  2.0000000e+000  3.4262556e-001  1.3689878e+001
  2.0000000e+000  3.8364415e+000 -5.7506106e+000
  2.0000000e+000 -1.4262683e+000  1.0344899e+000
  2.0000000e+000  6.6630888e+000 -4.1279104e+000
  2.0000000e+000  1.8653911e+000 -5.3350934e+000
  2.0000000e+000 -2.3995730e-001  1.1450203e+001
  2.0000000e+000 -5.0551365e+000 -4.0814566e+000
  2.0000000e+000  7.2492781e+000 -5.3667828e+000
  2.0000000e+000 -5.6768454e+000  6.8751854e+000
  2.0000000e+000 -2.1859807e+000 -6.7321254e+000
  2.0000000e+000  8.5578928e+000  1.2640386e+001
  2.0000000e+000  9.0397529e+000  2.1126976e+000
  2.0000000e+000  3.1699349e+000 -4.5917771e+000
  2.0000000e+000  2.9852663e+000  1.3605589e+001
  2.0000000e+000 -8.1792644e+000  4.7075593e-003
  2.0000000e+000 -7.3625910e+000  3.6881285e+000
  2.0000000e+000 -3.3154161e+000 -4.7813037e+000
  2.0000000e+000 -2.8378620e-001 -6.8317258e+000
  2.0000000e+000 -5.8857456e-001 -4.8741469e+000
  2.0000000e+000  2.2131542e+000  5.1340468e+000
  2.0000000e+000 -6.6413404e+000 -2.9543907e+000
  2.0000000e+000  1.4803676e-001  1.2177069e+001
  2.0000000e+000 -1.9948974e+000  1.2005056e+001
  2.0000000e+000 -3.4877774e+000 -5.5506810e+000
  2.0000000e+000 -4.6096549e+000 -4.7754411e+000
  2.0000000e+000 -1.2431357e+000 -6.0292538e+000
  2.0000000e+000  7.2240814e+000  3.0812713e+000
  2.0000000e+000 -1.5439429e+000  1.1088262e+001
  2.0000000e+000 -2.6329285e+000  1.3100150e+000
  2.0000000e+000  4.5833587e+000 -3.9837013e+000
  2.0000000e+000  7.0030222e+000  3.7738628e-001
  2.0000000e+000  4.2668467e+000  5.2616724e+000
  2.0000000e+000  4.3997478e+000  1.2530869e+001
  2.0000000e+000  5.3132952e+000 -5.4966349e+000
  2.0000000e+000 -1.0397341e+000  1.1568531e+001
  2.0000000e+000 -6.5414118e+000  5.0422061e+000
  2.0000000e+000  5.8641566e+000 -5.6845056e+000
  2.0000000e+000 -2.8909787e+000  2.4456425e+000
  2.0000000e+000 -4.7381799e+000 -4.4119890e+000
  2.0000000e+000 -7.5496016e+000 -1.5512122e-001
  2.0000000e+000 -7.7273824e+000  2.8305027e+000
  2.0000000e+000 -6.8990497e-001  6.4223187e+000
  2.0000000e+000  6.4936391e+000  5.2772018e+000
  2.0000000e+000  7.2003348e+000  1.1556103e+001
  2.0000000e+000 -6.3462676e+000 -1.9134205e+000
  2.0000000e+000  5.0923430e+000  1.3228823e+001
  2.0000000e+000  7.4132900e+000  1.5353357e+000
  2.0000000e+000 -8.9120907e+000  7.1485862e-001
  2.0000000e+000  4.0965723e+000  1.2931370e+001
  2.0000000e+000  1.7226708e+000  6.1486640e+000
  2.0000000e+000  2.7881000e+000 -6.3690379e+000
  2.0000000e+000 -4.7114028e+000  9.0049162e+000
  2.0000000e+000  1.8285650e+000  1.2520758e+001
  2.0000000e+000  7.0304943e+000  3.5336848e+000
  2.0000000e+000  3.7368100e+000  6.4970646e+000
  2.0000000e+000 -2.4129061e+000  1.2970202e+000
  2.0000000e+000  5.1334156e+000 -4.4866287e+000
  2.0000000e+000 -5.4469583e-001  1.2967357e+001
  2.0000000e+000  4.8334682e+000 -6.3182522e+000
  2.0000000e+000 -4.3086505e+000 -5.9248712e+000
  2.0000000e+000  5.2869067e+000  1.1285005e+001
  2.0000000e+000 -2.0129914e+000  3.6889354e+000
  2.0000000e+000 -9.0431253e+000  2.7253011e+000
  2.0000000e+000 -3.3837097e+000  9.6291879e+000
  2.0000000e+000 -4.9935448e+000 -4.1798560e+000
  2.0000000e+000  4.7945571e+000  1.2971836e+001
  2.0000000e+000 -1.4703230e+000  1.1068216e+001
  2.0000000e+000  9.2927126e+000 -5.1204418e-001
  2.0000000e+000  5.4320467e+000 -5.8779893e+000
  2.0000000e+000 -1.4745239e+000  4.2971939e+000
  2.0000000e+000 -5.7610422e+000 -9.2582789e-001
  2.0000000e+000 -8.3618738e+000 -1.5999005e-001
  2.0000000e+000 -2.0798018e+000  2.4447542e+000
  2.0000000e+000 -2.7406424e+000  1.1766762e+001
  2.0000000e+000 -6.9905808e+000  2.8033849e+000
  2.0000000e+000  2.5345611e+000  1.2708249e+001
  2.0000000e+000  3.3222038e+000  1.1084551e+001
  2.0000000e+000 -7.8743080e-001  1.2996832e+000
  2.0000000e+000  1.3237792e+000  5.1579557e+000
  2.0000000e+000  7.1492437e+000  3.0020704e+000
  2.0000000e+000  1.2247444e+000  1.3673466e+001
  2.0000000e+000 -8.5249579e-001  1.3448081e+001
  2.0000000e+000 -7.4545250e+000 -2.7165794e+000
  2.0000000e+000  7.2478112e+000 -9.5276883e-001
  2.0000000e+000  2.4888844e-001  1.3098171e+001
  2.0000000e+000 -6.6540213e+000  1.4348973e+000
  2.0000000e+000  6.9443058e+000 -3.8362187e+000
  2.0000000e+000 -1.5132033e+000 -6.6458800e+000
  2.0000000e+000  6.1680536e+000 -6.3078993e+000
  2.0000000e+000  2.9390724e+000 -5.2069924e+000
  2.0000000e+000 -5.9194601e+000  7.6269766e+000
  2.0000000e+000 -2.9120189e+000  2.0203778e+000
  2.0000000e+000  2.5359107e+000  1.1802618e+001
  2.0000000e+000  8.6574382e+000  4.0127949e+000
  2.0000000e+000  5.9932334e+000  1.1144416e+001
  2.0000000e+000 -1.5655828e+000  6.2071829e+000
  2.0000000e+000  8.8698657e+000  2.1783849e+000
  2.0000000e+000  5.8371608e+000  6.8401481e+000
  2.0000000e+000  2.4601696e+000 -6.6746327e+000
  2.0000000e+000 -7.1769304e+000  5.5513691e+000
  2.0000000e+000 -1.6681653e+000  2.8188918e+000
  2.0000000e+000 -8.3395656e+000  2.9741945e+000
  2.0000000e+000 -2.7674453e+000 -5.0034759e+000
  2.0000000e+000  6.9314849e+000  1.2284269e+001
  2.0000000e+000  4.6412449e+000  1.2862855e+001
  2.0000000e+000  7.7665006e+000 -1.8564612e+000
  2.0000000e+000  7.5347797e+000  1.9352819e+000
  2.0000000e+000  6.8934668e+000  2.5570494e+000
  2.0000000e+000  5.3752601e+000  1.3064632e+001
  2.0000000e+000 -2.1668988e+000 -4.3649096e-002
  2.0000000e+000  2.5058016e+000 -5.4509935e+000
  2.0000000e+000  7.7389934e+000 -6.8175533e-001
  2.0000000e+000 -1.8181403e+000  5.9834929e+000
  2.0000000e+000  6.9256324e+000 -1.1505958e+000
  2.0000000e+000 -2.9494797e-002  6.4897699e+000
  2.0000000e+000 -2.5026187e+000  3.4270302e+000
  2.0000000e+000  1.9228876e+000  1.1852372e+001
  2.0000000e+000  4.6901301e+000  6.7807381e+000
  2.0000000e+000 -4.9718100e+000  6.9136219e+000
  2.0000000e+000 -7.0018111e+000  3.8401516e+000
  2.0000000e+000  4.2951216e+000  1.2629851e+001
  2.0000000e+000  8.8824729e+000  3.7868433e+000
  2.0000000e+000 -6.2762086e+000 -3.6685210e+000
  2.0000000e+000  6.3513947e+000  1.9612710e+000
  2.0000000e+000 -1.8883683e+000  5.4886671e+000
  2.0000000e+000 -2.8498759e+000  1.1203091e+001
  2.0000000e+000 -5.4592167e-001 -6.1393814e+000
  2.0000000e+000 -4.5524196e+000  1.0436160e+001
  2.0000000e+000 -8.1117170e-001 -7.2392549e+000
  2.0000000e+000  5.0583182e+000 -6.2296380e+000
  2.0000000e+000  5.9813098e+000  1.2886897e+001
  2.0000000e+000  5.3584420e+000  1.1849077e+001
  2.0000000e+000 -1.3447676e+000 -5.0572417e+000
  2.0000000e+000  6.8134835e+000  1.2674294e+001
  2.0000000e+000  3.1525290e+000 -7.3334912e+000
  2.0000000e+000 -1.6817619e+000  1.2436116e+001
  2.0000000e+000  4.1657054e+000  6.3527274e+000
  2.0000000e+000  3.7600366e+000 -5.4938851e+000
  2.0000000e+000  1.3700927e+000 -5.0052010e+000
  2.0000000e+000 -8.0290963e+000  8.0385235e+000
  2.0000000e+000 -8.3563083e+000 -6.1646635e-001
  2.0000000e+000  5.7129976e+000 -6.0439048e+000
  2.0000000e+000  7.9652274e+000 -1.4093124e+000
  2.0000000e+000 -3.7026434e+000 -5.4789264e+000
  2.0000000e+000  9.1346596e-001  1.1050254e+001
  2.0000000e+000  6.0093629e-001  1.2206181e+001
  2.0000000e+000 -6.4827482e+000 -2.1319618e+000
  2.0000000e+000  4.2430597e+000  1.1948100e+001
  2.0000000e+000  1.0868145e+000  1.2703593e+001
  2.0000000e+000  3.3925266e+000 -7.0783216e+000
  2.0000000e+000  6.1123580e+000  6.0301988e+000
  2.0000000e+000  6.0387124e+000  1.3604037e+001
  2.0000000e+000 -6.6227690e+000  7.4012819e-001
  2.0000000e+000  2.6781865e+000 -5.6109448e+000
  2.0000000e+000  1.8360452e+000  6.5174344e+000
  2.0000000e+000  5.7746499e+000  1.3427559e+001
  2.0000000e+000 -5.5040432e-001  2.2427839e-001
  2.0000000e+000 -9.1654214e+000  3.8034854e+000
  2.0000000e+000  6.5912356e+000  2.4433011e+000
  2.0000000e+000 -5.7125127e+000  6.6319167e+000
  2.0000000e+000  1.0309842e+000 -7.0239313e+000
  2.0000000e+000  5.9127744e+000 -1.0549146e+000
  2.0000000e+000  4.5596399e+000  4.9381527e+000
  2.0000000e+000  3.8924367e+000 -5.8918994e+000
  2.0000000e+000 -4.1305097e-001  7.0125652e+000
  2.0000000e+000  4.5375581e+000  4.2243689e+000
  2.0000000e+000 -1.9722551e+000  9.7694590e+000
  2.0000000e+000 -2.8803590e+000 -6.7121733e+000
  2.0000000e+000  3.3981961e+000  1.2649989e+001
  2.0000000e+000  5.6664744e+000  5.5281041e+000
  2.0000000e+000 -5.2727205e+000  8.4070400e+000
  2.0000000e+000 -2.6138632e+000  4.8496101e+000
  2.0000000e+000  7.9598731e+000 -1.7145301e+000
  2.0000000e+000 -6.5065741e+000  5.8537303e+000
  2.0000000e+000  6.2851275e+000 -1.8566930e+000
  2.0000000e+000  5.0551071e-001 -7.0125117e+000
  2.0000000e+000  6.8282883e+000 -3.2466569e+000
  2.0000000e+000  5.2333937e+000  5.6212236e+000
  2.0000000e+000  4.2965423e+000  1.2602228e+001
  2.0000000e+000  1.2977250e+000 -5.1568027e+000
  2.0000000e+000  1.6694291e+000  1.3448358e+001
  2.0000000e+000 -3.4946072e+000  9.8929886e+000
  2.0000000e+000  1.4301680e+000  1.1294220e+001
  2.0000000e+000 -7.5488231e+000 -1.1327144e+000
  2.0000000e+000 -3.9500911e+000  1.0723087e+001
  2.0000000e+000 -1.5606895e+000  4.3021293e+000
  2.0000000e+000 -7.3827512e+000  7.3927989e+000
  2.0000000e+000  6.3546693e+000 -2.4226191e+000
  2.0000000e+000 -2.1809503e+000  8.0040871e-001
  2.0000000e+000 -2.9257251e+000  2.9155622e-001
  2.0000000e+000  7.1105425e+000 -2.7509514e+000
  2.0000000e+000 -6.1048604e+000 -2.7919058e+000
  2.0000000e+000 -4.9483596e+000  7.7594972e+000
  2.0000000e+000  4.8103179e+000  5.1389909e+000
  2.0000000e+000  4.5823969e+000  1.2220862e+001
  2.0000000e+000  5.3601140e+000  4.0301670e+000
  2.0000000e+000  2.4058610e+000 -7.7645064e+000
  2.0000000e+000 -6.2276974e+000 -1.6526711e+000
  2.0000000e+000  4.0235158e+000  6.6327011e+000
  2.0000000e+000  3.7919745e+000  1.2112681e+001
  2.0000000e+000  8.4172027e+000  3.1697961e+000
  2.0000000e+000 -4.4708027e+000 -4.7480690e+000
  2.0000000e+000  7.1707402e+000  4.1432005e+000
  2.0000000e+000  2.5226872e+000 -5.8789485e+000
  2.0000000e+000 -8.6804987e+000  4.0186476e+000
  2.0000000e+000 -5.1688414e-002  4.6833881e+000
  2.0000000e+000  7.2085616e+000  1.1643232e+001
  2.0000000e+000  7.6344207e+000 -2.6712674e+000
  2.0000000e+000 -6.3183810e+000  4.8373161e+000
  2.0000000e+000 -2.0016538e+000  1.2060348e+001
  2.0000000e+000  5.6884387e+000  3.8657166e+000
  2.0000000e+000 -4.5985375e-001  1.1610480e+001
  2.0000000e+000 -6.1930407e+000  7.1063866e+000
  2.0000000e+000 -7.9143637e-001  8.1796762e-001
  2.0000000e+000  7.1617895e+000  1.2351893e+001
  2.0000000e+000  8.7866588e+000 -1.7139822e+000
  2.0000000e+000 -3.6449368e+000  1.2324378e+001
  2.0000000e+000 -6.0644938e+000  4.5626609e+000
  2.0000000e+000 -3.1314038e+000  1.0919350e+001
  2.0000000e+000  7.6335573e+000 -2.1357352e+000
  2.0000000e+000  1.0855506e+000  6.8718119e+000
  2.0000000e+000 -3.3032408e-001  2.4102283e+000
  2.0000000e+000  8.5191350e+000  4.1930521e+000
  2.0000000e+000  4.4871696e+000 -4.6016968e+000
  2.0000000e+000 -1.3501810e+000 -5.6107329e+000
  2.0000000e+000 -8.0076627e+000 -1.0555504e+000
  2.0000000e+000 -1.2520084e+000  3.8838309e+000
  2.0000000e+000 -8.6989052e-001  1.2288832e+001
  2.0000000e+000  2.2536397e+000 -5.3469801e+000
  2.0000000e+000 -4.2707228e+000  1.1165540e+001
  2.0000000e+000 -1.5021875e+000  2.9492922e+000
  2.0000000e+000 -3.9922535e-002  4.3139633e+000
  2.0000000e+000  2.1093801e+000  7.7316720e+000
  2.0000000e+000  7.0290427e+000  2.1905666e+000
  2.0000000e+000  4.8158248e+000 -3.2580291e+000
  2.0000000e+000 -7.8488675e+000  7.8231046e+000
  2.0000000e+000 -6.8126107e+000 -3.3970154e+000
  2.0000000e+000 -1.1419413e+000 -5.8207218e+000
  2.0000000e+000  5.7313047e+000 -3.0318172e+000
  2.0000000e+000 -9.2095204e-001  1.7357298e+000
  2.0000000e+000  2.1698728e+000  1.3173696e+001
  2.0000000e+000  6.6136256e+000  4.4107703e+000
  2.0000000e+000 -9.2359929e+000  3.2281670e+000
  2.0000000e+000  4.0008813e+000  6.0588530e+000
  2.0000000e+000  8.7137493e+000  1.6382811e+000
  2.0000000e+000  8.8319661e+000  4.1024940e+000
  2.0000000e+000 -5.1236694e+000  8.3507368e+000
  2.0000000e+000  4.7293384e+000 -4.2637584e+000
  2.0000000e+000 -6.7901314e+000  2.7850725e+000
  2.0000000e+000 -3.0689905e+000  3.4552446e+000
  2.0000000e+000 -9.9573394e-001  2.1530300e+000
  2.0000000e+000 -1.2193734e+000  2.8238856e+000
  2.0000000e+000 -7.2588063e+000  8.4335182e-001
  2.0000000e+000 -7.5040506e+000  4.6783142e+000
  2.0000000e+000  6.7680190e+000  1.0753461e+001
  2.0000000e+000  8.2019840e+000  3.8082679e+000
  2.0000000e+000  6.0060178e+000 -4.4903518e+000
  2.0000000e+000 -7.8281234e+000 -1.8008872e+000
  2.0000000e+000 -6.0991972e+000  4.2304589e+000
  2.0000000e+000 -9.8676684e-001  1.3583325e+001
  2.0000000e+000  4.0977421e+000  5.0713498e+000
  2.0000000e+000  6.1053620e+000  4.8712373e+000
  2.0000000e+000 -7.7949559e-001  6.8281354e+000
  2.0000000e+000 -7.3458917e+000 -3.3206104e+000
  2.0000000e+000  6.9438186e+000  1.7550181e+000
  2.0000000e+000  6.7890780e+000  7.2497290e-001
  2.0000000e+000 -5.9519118e+000 -5.6544869e-001
  2.0000000e+000 -4.8013921e+000  8.7902399e+000
  2.0000000e+000  2.8375266e+000  6.0459473e+000
  2.0000000e+000  7.0104457e+000  5.3267373e-001
  2.0000000e+000 -1.8018586e+000  1.2993519e+001
  2.0000000e+000  5.1586881e+000 -5.0630532e+000
  2.0000000e+000  6.5807913e+000 -1.7508188e+000
  2.0000000e+000  2.0795397e+000  1.1653512e+001
  2.0000000e+000  7.5287506e-001  1.1179048e+001
  2.0000000e+000 -8.1489563e-001  1.3474664e+001
  2.0000000e+000 -6.7880355e+000 -2.8986715e+000
  2.0000000e+000 -3.0663190e+000 -5.3727962e+000
  2.0000000e+000 -7.4691253e+000 -1.8329600e+000
  2.0000000e+000 -2.7616975e+000  9.8178577e+000
  2.0000000e+000  7.4781657e+000 -1.3225568e+000
  2.0000000e+000  2.6243983e+000  5.3539009e+000
  2.0000000e+000 -5.3667621e+000  8.5860599e+000
  2.0000000e+000  3.2257637e+000  5.1743055e+000
  2.0000000e+000 -3.7970100e+000  9.6351219e+000
  2.0000000e+000  1.1978882e+000  1.1568191e+001
  2.0000000e+000  6.0638177e+000  1.1636446e+001
  2.0000000e+000 -5.5269273e+000 -1.8761529e+000
  2.0000000e+000  6.0989102e+000 -1.5081846e+000
  2.0000000e+000 -7.0855727e+000  2.5023667e+000
  2.0000000e+000 -1.2289580e+000 -6.3493026e+000
  2.0000000e+000  4.7744468e+000  4.8354776e+000
  2.0000000e+000  1.4437663e+000 -5.2261217e+000
  2.0000000e+000 -8.9107621e+000  6.0210613e+000
  2.0000000e+000  9.2768986e-001  1.3922309e+001
  2.0000000e+000 -1.2707049e+000  3.2983288e+000
  2.0000000e+000  5.7678823e+000  1.2946346e+001
  2.0000000e+000  6.8018490e+000  1.3362096e+001
  2.0000000e+000 -6.3943699e+000  6.5489007e+000
  2.0000000e+000 -8.1763357e+000  3.4787675e+000
  2.0000000e+000 -7.8348221e+000 -1.1917032e+000
  2.0000000e+000  6.0324179e+000  1.2961026e+001
  2.0000000e+000 -3.2764454e+000  1.0295031e+001
  2.0000000e+000  7.4923491e+000 -3.0175676e+000
  2.0000000e+000  6.0303928e+000 -2.0244777e+000
  2.0000000e+000  4.6627247e-001  1.3644566e+001
  2.0000000e+000 -3.8595778e+000 -6.3219994e+000
  2.0000000e+000  2.7097445e+000 -7.7778879e+000
  2.0000000e+000 -6.3818411e+000 -1.2812501e+000
  2.0000000e+000 -7.5096253e+000  2.2868023e+000
  2.0000000e+000 -2.3716523e+000 -7.4263537e+000
  2.0000000e+000 -2.2308816e+000 -7.5036335e+000
  2.0000000e+000  2.2282495e+000  1.1984471e+001
  2.0000000e+000 -6.7776606e+000 -3.2690990e+000
  2.0000000e+000 -7.5216695e+000 -2.2591486e+000
  2.0000000e+000  7.8452029e+000 -2.0979411e+000
  2.0000000e+000  3.2493607e+000  7.0025017e+000
  2.0000000e+000  6.9031421e+000 -4.9951421e+000
  2.0000000e+000 -8.0445070e+000  7.5789899e-001
  2.0000000e+000 -7.7474492e+000  6.6201090e+000
  2.0000000e+000  1.3987064e+000  1.3659699e+001
  2.0000000e+000  5.4722485e+000 -2.4649750e+000
  2.0000000e+000  2.5519519e+000  1.2279452e+001
  2.0000000e+000 -7.0971505e+000 -1.9603352e+000
  2.0000000e+000  4.1885438e+000  6.7720575e+000
  2.0000000e+000 -2.0357479e+000  4.1639025e+000
  2.0000000e+000 -6.5322433e-001  2.8879491e+000
  2.0000000e+000 -1.6082092e+000  2.9391533e+000
  2.0000000e+000  7.9415782e+000 -2.2789805e+000
  2.0000000e+000  3.9297714e+000  1.2973343e+001
  2.0000000e+000 -5.0704458e+000 -4.8664561e+000
  2.0000000e+000 -2.5210237e+000  1.1897996e+001
  2.0000000e+000 -3.2132626e+000  9.5024708e+000
  2.0000000e+000 -9.2517451e+000  2.0784807e+000
  2.0000000e+000  6.8570780e+000  6.8115509e+000
  2.0000000e+000 -1.3205145e-002 -5.6450446e+000
  2.0000000e+000 -5.8147398e+000  7.1291413e+000
  2.0000000e+000 -1.9700345e-002 -7.0712132e+000
  2.0000000e+000  8.6123970e+000  4.0415898e-001
  2.0000000e+000 -1.8168331e+000  3.7459219e+000
  2.0000000e+000  6.1944591e+000  1.3612637e+001
  2.0000000e+000 -5.8438672e+000  7.6041146e+000
  2.0000000e+000 -4.6277931e+000  9.7602923e+000
  2.0000000e+000 -1.8478949e+000 -4.8857732e+000
  2.0000000e+000 -5.1219889e+000  1.1060377e+001
  2.0000000e+000 -1.2838121e-002  4.8151401e+000
  2.0000000e+000  8.9946491e-001 -6.9435010e+000
  2.0000000e+000  8.4876239e-001  5.9965211e+000
  2.0000000e+000 -4.8847298e+000  8.7689301e+000
  2.0000000e+000  8.4250367e+000 -4.5564646e-001
  2.0000000e+000 -7.1763522e+000  4.6566164e-001
  2.0000000e+000  3.4585149e+000  5.2947723e+000
  2.0000000e+000  8.2323120e+000 -1.1310149e-001
  2.0000000e+000 -8.2988593e+000 -1.7314495e+000
  2.0000000e+000  1.9754775e-001  2.4431449e-002
  2.0000000e+000 -2.2698869e+000  3.5627929e+000
  2.0000000e+000  3.9999319e+000  1.3117699e+001
  2.0000000e+000 -6.4387719e+000  5.4477561e+000
  2.0000000e+000  1.1096396e+000 -7.4688533e+000
  2.0000000e+000 -2.3802594e+000  1.1286973e+001
  2.0000000e+000 -3.1281451e+000  1.0758219e+001
  2.0000000e+000 -4.6098746e-001  1.0888318e+001
  2.0000000e+000 -6.1140115e+000  8.6568629e+000
  2.0000000e+000  3.7348376e-001  1.1505980e+001
  2.0000000e+000  5.1907378e+000 -3.9640177e+000
  2.0000000e+000  5.9920093e-001 -5.9031879e+000
  2.0000000e+000  7.6307030e+000 -9.8742979e-001
  2.0000000e+000 -2.2880874e+000 -6.1015184e+000
  2.0000000e+000 -2.4719277e+000  1.0199904e+001
  2.0000000e+000  3.1101535e+000  7.2878977e+000
  2.0000000e+000 -3.2705327e+000  9.6123983e+000
  2.0000000e+000  9.8915223e-001  1.2506868e+001
  2.0000000e+000 -5.8722503e-001  5.6913061e+000
  2.0000000e+000  8.1377401e-001  6.1056660e+000
  2.0000000e+000 -1.4653498e+000 -5.3202421e+000
  2.0000000e+000 -5.6430792e+000 -5.6412694e+000
  2.0000000e+000  8.3640722e-001  1.2614722e+001
  2.0000000e+000  7.7069798e+000 -8.7954992e-001
  2.0000000e+000 -6.1047286e+000  9.7113028e+000
  2.0000000e+000  7.0407734e+000  1.1816250e+001
  2.0000000e+000 -1.6164248e-001  1.0647770e+001
  2.0000000e+000 -8.4455776e+000  5.4356644e+000
  2.0000000e+000  8.9666888e+000  1.8278378e+000
  2.0000000e+000 -1.6782808e+000  3.7939976e+000
  2.0000000e+000  6.6667656e+000 -4.4569459e+000
  2.0000000e+000  2.0732308e+000  1.1349516e+001
  2.0000000e+000 -7.3672428e+000  5.8632055e+000
  2.0000000e+000  5.5365393e+000  1.2880153e+001
  2.0000000e+000 -2.4702498e+000  8.7651804e-001
  2.0000000e+000  5.9639678e+000 -5.2541412e+000
  2.0000000e+000 -4.0205366e+000 -3.9129217e+000
  2.0000000e+000 -4.1758576e+000 -4.1559591e+000
  2.0000000e+000 -6.3434353e+000 -2.2100096e+000
  2.0000000e+000  5.9679785e+000  1.3148333e+001
  2.0000000e+000  5.1532711e+000  1.1119619e+001
  2.0000000e+000 -1.6856267e+000  8.1858149e-001
  2.0000000e+000 -6.1311483e+000 -1.9962450e+000
  2.0000000e+000  7.5164772e+000  2.3778497e+000
  2.0000000e+000 -3.0829885e+000 -5.5763159e+000
  2.0000000e+000 -1.0191404e-001  1.5041267e+000
  2.0000000e+000 -8.0740854e+000  5.6142525e+000
  2.0000000e+000 -8.4432931e-001  4.7863519e+000
  2.0000000e+000  5.4000511e+000  2.7704912e+000
  2.0000000e+000  4.4213642e+000 -6.0299613e+000
  2.0000000e+000 -8.8535478e-001  1.2171802e+001
  2.0000000e+000  8.4601644e+000  1.3660276e+000
  2.0000000e+000  2.5222507e+000  1.3517228e+001
  2.0000000e+000  1.3734295e+000  1.2685546e+001
  2.0000000e+000 -7.5117805e+000  5.1895644e+000
  2.0000000e+000  4.8071795e+000  4.6905050e+000
  2.0000000e+000  7.2704544e+000  1.2740070e+001
  2.0000000e+000 -1.1503451e+000  6.0690319e+000
  2.0000000e+000  6.8169284e+000  2.4302953e+000
  2.0000000e+000  6.0115386e+000  1.2163397e+001
  2.0000000e+000 -8.3326733e+000 -6.3532225e-001
  2.0000000e+000  8.0319414e+000 -1.9551290e+000
  2.0000000e+000  2.4418929e-001  5.8484918e+000
  2.0000000e+000 -2.2123400e+000 -3.3172067e-002
  2.0000000e+000 -8.7064201e+000 -1.0880425e+000
  2.0000000e+000 -1.8187921e+000  4.5105453e+000
  2.0000000e+000  7.3482877e+000  1.1499580e+001
  2.0000000e+000 -7.5020178e+000  6.9863722e+000
  2.0000000e+000  8.1246827e+000 -3.6992350e+000
  2.0000000e+000 -6.0530174e+000 -4.8713702e+000
  2.0000000e+000 -4.7850480e+000  8.7981145e+000
  2.0000000e+000 -1.3220788e+000  1.2739155e+001
  2.0000000e+000  6.9546050e+000 -2.0404026e+000
  2.0000000e+000 -4.9030800e-002  1.2179624e+001
